0 0.59609375 0.49375 0.3078125 0.1140625
0 0.2390625 0.49609375 0.35625 0.1734375
0 0.87265625 0.51171875 0.2453125 0.125
0 0.59140625 0.603125 0.2859375 0.1296875
0 0.8390625 0.61875 0.23125 0.1296875
0 0.28359375 0.63125 0.3171875 0.1140625
0 0.5671875 0.68046875 0.2625 0.09375
0 0.81015625 0.71171875 0.2453125 0.1171875
0 0.296875 0.72578125 0.303125 0.09375
0 0.30390625 0.16796875 0.3609375 0.1734375
0 0.8796875 0.3375 0.23125 0.2390625
0 0.26328125 0.35 0.3609375 0.2
0 0.6046875 0.353125 0.334375 0.1921875