0 0.18203125 0.1328125 0.3453125 0.2484375
0 0.51015625 0.13046875 0.3546875 0.259375
0 0.8359375 0.1203125 0.328125 0.240625
0 0.8359375 0.33515625 0.328125 0.275
0 0.8359375 0.57734375 0.328125 0.2640625
0 0.85078125 0.8140625 0.2984375 0.2546875
0 0.53359375 0.915625 0.3765625 0.1484375
0 0.5265625 0.75 0.3953125 0.1734375
0 0.51484375 0.57734375 0.3484375 0.2265625
0 0.51953125 0.3609375 0.3640625 0.2234375
0 0.178125 0.34609375 0.35625 0.228125
0 0.17578125 0.59921875 0.3515625 0.275
0 0.17265625 0.853125 0.3453125 0.29375