0 0.335938 0.275781 0.203125 0.348438
0 0.582031 0.282031 0.312500 0.445313
0 0.585938 0.607031 0.314063 0.389062
0 0.334375 0.617188 0.198437 0.360938
0 0.051562 0.086719 0.103124 0.173437
0 0.172656 0.082812 0.146875 0.165624
0 0.174219 0.250781 0.139063 0.237500
0 0.055469 0.264844 0.110937 0.248438
0 0.056250 0.479687 0.112500 0.253125
0 0.176563 0.469531 0.137500 0.240625
0 0.148438 0.711719 0.156250 0.248438
0 0.035156 0.710156 0.070312 0.246875
0 0.319531 0.067969 0.153125 0.135937
0 0.797656 0.076563 0.181250 0.153125
0 0.944531 0.086719 0.110937 0.173437
0 0.946875 0.243750 0.106250 0.237500
0 0.809375 0.246875 0.171875 0.251563
0 0.842187 0.474219 0.171875 0.264062
0 0.955469 0.475000 0.089062 0.231250
0 0.936719 0.701562 0.126562 0.265625
0 0.807813 0.712500 0.160938 0.259375