0 0.08984375 0.390625 0.1796875 0.515625
0 0.303125 0.38203125 0.25625 0.534375
0 0.16953125 0.81171875 0.2515625 0.3765625
0 0.4140625 0.803125 0.2453125 0.39375
0 0.41796875 0.06796875 0.1984375 0.1359375
0 0.490625 0.2296875 0.0703125 0.2921875
0 0.55390625 0.21796875 0.0625 0.30625
0 0.6359375 0.2046875 0.09375 0.3296875
0 0.81484375 0.22734375 0.278125 0.353125
0 0.93671875 0.55546875 0.1265625 0.3328125
0 0.97109375 0.8578125 0.0578125 0.284375
0 0.48984375 0.5203125 0.090625 0.30625
0 0.09609375 0.0703125 0.1921875 0.140625