0 0.22109375 0.50625 0.271875 0.3140625
0 0.9328125 0.57109375 0.128125 0.228125
0 0.5921875 0.709375 0.3015625 0.3640625
0 0.321875 0.81484375 0.209375 0.30625
0 0.078125 0.82109375 0.15625 0.3484375
0 0.875 0.83671875 0.24375 0.315625
0 0.9015625 0.16015625 0.190625 0.2796875
0 0.61875 0.16328125 0.190625 0.228125
0 0.209375 0.16796875 0.2484375 0.240625
0 0.025 0.1734375 0.05 0.2625
0 0.44140625 0.353125 0.209375 0.29375
0 0.7640625 0.3859375 0.2265625 0.3703125
0 0.01953125 0.478125 0.0390625 0.2734375