0 0.31171875 0.88125 0.1296875 0.121875
0 0.321875 0.75546875 0.1203125 0.1109375
0 0.225 0.79921875 0.0859375 0.1234375
0 0.37734375 0.65703125 0.1265625 0.1125
0 0.41796875 0.77109375 0.075 0.1109375
0 0.4140625 0.86953125 0.0703125 0.096875
0 0.6328125 0.84140625 0.075 0.1296875
0 0.58515625 0.73515625 0.075 0.0515625
0 0.47734375 0.71640625 0.0375 0.103125
0 0.52421875 0.71953125 0.04375 0.090625
0 0.5828125 0.6875 0.0734375 0.059375
0 0.559375 0.625 0.04375 0.071875
0 0.596875 0.63984375 0.0328125 0.0453125
0 0.528125 0.57421875 0.0765625 0.06875
0 0.46875 0.64296875 0.0546875 0.0515625
0 0.37109375 0.59296875 0.0796875 0.0765625
0 0.44921875 0.54453125 0.034375 0.0265625