0 0.207813 0.349219 0.335938 0.285938
0 0.069531 0.139063 0.139062 0.203125
0 0.033594 0.349219 0.067187 0.204687
0 0.049219 0.537500 0.098437 0.203125
0 0.062500 0.688281 0.125000 0.189062
0 0.078125 0.828906 0.156250 0.207813
0 0.353906 0.536719 0.250000 0.218750
0 0.352344 0.720313 0.246875 0.167187
0 0.360156 0.891406 0.235937 0.181250
0 0.513281 0.073438 0.342187 0.142187
0 0.574219 0.178906 0.279687 0.201563
0 0.575000 0.373437 0.250000 0.179688
0 0.585938 0.546875 0.240625 0.160938
0 0.578125 0.704688 0.221875 0.154688
0 0.589844 0.845313 0.217188 0.164063
0 0.849219 0.697656 0.301562 0.379688
0 0.828125 0.318750 0.209375 0.210938