0 0.14453125 0.10546875 0.1109375 0.1921875
0 0.24765625 0.1078125 0.0984375 0.215625
0 0.4265625 0.13203125 0.278125 0.2640625
0 0.71015625 0.14453125 0.2234375 0.228125
0 0.76875 0.35703125 0.10625 0.196875
0 0.565625 0.384375 0.2609375 0.2875
0 0.36328125 0.34453125 0.1484375 0.2546875
0 0.24375 0.3171875 0.09375 0.1953125
0 0.1484375 0.26953125 0.121875 0.2
0 0.17578125 0.45625 0.0859375 0.19375
0 0.11640625 0.42265625 0.0625 0.1765625
0 0.11875 0.56328125 0.0515625 0.15
0 0.17421875 0.61640625 0.090625 0.1578125
0 0.19921875 0.7765625 0.0734375 0.1625
0 0.14296875 0.725 0.06875 0.128125
0 0.2609375 0.4984375 0.0984375 0.1859375
0 0.27265625 0.6703125 0.09375 0.18125
0 0.2671875 0.8203125 0.0828125 0.1953125
0 0.36796875 0.53984375 0.109375 0.25
0 0.5671875 0.62421875 0.2640625 0.215625
0 0.74765625 0.546875 0.0984375 0.1296875
0 0.75546875 0.71484375 0.1125 0.1953125
0 0.734375 0.88984375 0.1390625 0.134375
0 0.56796875 0.80546875 0.2796875 0.1984375
0 0.5375 0.93984375 0.2328125 0.1203125
0 0.36875 0.9 0.1046875 0.1953125
0 0.3703125 0.74296875 0.1171875 0.215625