0 0.76171875 0.13359375 0.1765625 0.1703125
0 0.46796875 0.21640625 0.2125 0.2640625
0 0.46328125 0.47734375 0.2 0.24375
0 0.63046875 0.32265625 0.1140625 0.3328125
0 0.76015625 0.353125 0.1765625 0.2890625
0 0.71171875 0.5390625 0.228125 0.128125
0 0.71328125 0.73046875 0.259375 0.2828125
0 0.71796875 0.91171875 0.2609375 0.140625
0 0.4671875 0.82109375 0.2390625 0.290625
0 0.478125 0.64296875 0.2171875 0.1109375
0 0.25859375 0.771875 0.2078125 0.2453125
0 0.0828125 0.77734375 0.165625 0.228125
0 0.0515625 0.59140625 0.103125 0.16875
0 0.24296875 0.51328125 0.2484375 0.28125
0 0.26953125 0.3296875 0.19375 0.1171875
0 0.2703125 0.18359375 0.178125 0.203125
0 0.10625 0.0625 0.2078125 0.1203125
0 0.096875 0.1625 0.19375 0.1171875
0 0.0890625 0.303125 0.178125 0.2015625
0 0.06484375 0.46328125 0.1296875 0.1
0 0.30390625 0.04765625 0.19375 0.0953125