0 0.510156 0.229687 0.167187 0.168750
0 0.504687 0.394531 0.178125 0.173437
0 0.505469 0.522656 0.189062 0.140625
0 0.524219 0.683594 0.151562 0.171875
0 0.509375 0.826562 0.168750 0.142187
0 0.651563 0.377344 0.118750 0.181250
0 0.652344 0.535156 0.114062 0.146875
0 0.647656 0.682031 0.104688 0.145313
0 0.650781 0.812500 0.114062 0.114062
0 0.933594 0.360938 0.132812 0.189062
0 0.927344 0.535156 0.145312 0.195313
0 0.839063 0.513281 0.093750 0.170313
0 0.839063 0.342187 0.103125 0.159375
0 0.762500 0.339844 0.089063 0.178125
0 0.751563 0.482031 0.075000 0.159375