0 0.2015625 0.153125 0.403125 0.30625
0 0.7625 0.15078125 0.4640625 0.3015625
0 0.815625 0.45546875 0.2578125 0.3296875
0 0.5703125 0.4578125 0.2609375 0.31875
0 0.31484375 0.45703125 0.2640625 0.3078125
0 0.10546875 0.4390625 0.2109375 0.315625
0 0.51171875 0.14765625 0.1109375 0.2953125
0 0.415625 0.16484375 0.078125 0.2796875
0 0.1890625 0.71875 0.378125 0.265625
0 0.71640625 0.7296875 0.3953125 0.290625
0 0.80078125 0.93203125 0.2609375 0.1359375
0 0.56015625 0.875 0.2078125 0.25
0 0.3328125 0.87734375 0.24375 0.2453125
0 0.11015625 0.91015625 0.2203125 0.1671875
0 0.41953125 0.6734375 0.121875 0.1609375