0 0.614062 0.153125 0.590625 0.306250
0 0.217188 0.175000 0.265625 0.270313
0 0.047656 0.204687 0.095312 0.218750
0 0.042188 0.418750 0.084375 0.225000
0 0.201563 0.433594 0.248438 0.264062
0 0.612500 0.455469 0.585938 0.331250
0 0.614844 0.737500 0.565625 0.382813
0 0.216406 0.670312 0.251563 0.281250
0 0.046875 0.631250 0.093750 0.225000
0 0.057031 0.828125 0.114062 0.243750
0 0.221875 0.872656 0.257813 0.254688
0 0.639062 0.913281 0.575000 0.173437
0 0.946875 0.435156 0.106250 0.265625
0 0.950000 0.160156 0.100000 0.271875
0 0.945313 0.692187 0.109374 0.271875