0 0.059375 0.05625 0.11875 0.1125
0 0.19453125 0.06484375 0.1875 0.1296875
0 0.14765625 0.1875 0.2953125 0.2125
0 0.08046875 0.3890625 0.1609375 0.203125
0 0.2296875 0.3796875 0.159375 0.2140625
0 0.153125 0.578125 0.30625 0.221875
0 0.09765625 0.80625 0.15625 0.2234375
0 0.24921875 0.7703125 0.159375 0.2
0 0.17265625 0.93515625 0.296875 0.1296875
0 0.41171875 0.0890625 0.2203125 0.178125
0 0.36484375 0.22265625 0.15625 0.203125
0 0.490625 0.24296875 0.1390625 0.18125
0 0.42421875 0.403125 0.25625 0.2015625
0 0.37734375 0.5625 0.1640625 0.2015625
0 0.4984375 0.5765625 0.1375 0.171875
0 0.43828125 0.74765625 0.2578125 0.1859375
0 0.38984375 0.91328125 0.1484375 0.1734375
0 0.50390625 0.90546875 0.125 0.1890625
0 0.6046875 0.09375 0.190625 0.1875
0 0.5765625 0.2390625 0.11875 0.19375
0 0.67578125 0.25625 0.1140625 0.1671875
0 0.6421875 0.4046875 0.190625 0.153125
0 0.59921875 0.86171875 0.0921875 0.184375
0 0.79296875 0.47265625 0.3859375 0.19375
0 0.77578125 0.66796875 0.3171875 0.190625
0 0.94921875 0.64296875 0.1015625 0.20625
0 0.81875 0.825 0.3625 0.234375
0 0.790625 0.9546875 0.321875 0.090625
0 0.78046875 0.13984375 0.184375 0.19375
0 0.759375 0.28125 0.1109375 0.1671875
0 0.84765625 0.29453125 0.0796875 0.153125
0 0.9640625 0.221875 0.071875 0.1359375
0 0.89453125 0.190625 0.08125 0.1140625
0 0.94375 0.31171875 0.1125 0.1296875