0 0.76953125 0.36484375 0.2625 0.196875
0 0.78046875 0.5171875 0.2546875 0.2
0 0.78125 0.67109375 0.2546875 0.209375
0 0.79296875 0.81640625 0.2546875 0.203125
0 0.58515625 0.77421875 0.1671875 0.1703125
0 0.57890625 0.63984375 0.1703125 0.1625
0 0.56640625 0.50703125 0.175 0.146875
0 0.58125 0.35390625 0.215625 0.1671875
0 0.40703125 0.35 0.14375 0.1390625
0 0.415625 0.48828125 0.1484375 0.146875
0 0.42421875 0.6046875 0.1515625 0.1640625
0 0.4296875 0.72890625 0.140625 0.171875
0 0.27578125 0.346875 0.134375 0.1484375
0 0.175 0.33828125 0.1171875 0.1328125
0 0.18359375 0.4546875 0.1125 0.1203125
0 0.28984375 0.46875 0.13125 0.1359375
0 0.296875 0.58125 0.1234375 0.134375
0 0.303125 0.690625 0.13125 0.1484375
0 0.2 0.66640625 0.103125 0.125
0 0.190625 0.5546875 0.1109375 0.1140625