0 0.1515625 0.23828125 0.303125 0.1515625
0 0.153125 0.35234375 0.30625 0.1484375
0 0.07109375 0.54140625 0.1421875 0.1703125
0 0.2078125 0.65234375 0.1703125 0.1765625
0 0.065625 0.684375 0.13125 0.153125
0 0.2 0.796875 0.159375 0.1375
0 0.06875 0.80078125 0.1375 0.14375
0 0.0640625 0.928125 0.128125 0.14375
0 0.203125 0.91640625 0.159375 0.1296875
0 0.1734375 0.10625 0.2734375 0.1578125
0 0.15234375 0.5015625 0.290625 0.159375
0 0.39140625 0.10546875 0.2046875 0.1375
0 0.39765625 0.22109375 0.196875 0.1328125
0 0.40234375 0.3484375 0.203125 0.125
0 0.39140625 0.4609375 0.19375 0.1296875
0 0.40234375 0.58984375 0.1921875 0.140625
0 0.40625 0.7125 0.175 0.11875
0 0.40234375 0.81875 0.1765625 0.1109375
0 0.6 0.92734375 0.2234375 0.14375
0 0.85703125 0.9234375 0.2859375 0.153125
0 0.60546875 0.7734375 0.2296875 0.171875
0 0.85859375 0.784375 0.2828125 0.1296875
0 0.6171875 0.6265625 0.2375 0.20625
0 0.8625 0.6609375 0.275 0.146875
0 0.6625 0.5109375 0.1796875 0.1546875
0 0.66171875 0.375 0.171875 0.159375
0 0.865625 0.53125 0.26875 0.14375
0 0.8625 0.3828125 0.275 0.1578125
0 0.8453125 0.2359375 0.309375 0.159375
0 0.85 0.103125 0.3 0.1609375
0 0.59609375 0.0984375 0.20625 0.146875
0 0.59296875 0.21796875 0.2078125 0.1359375
0 0.5515625 0.34140625 0.115625 0.128125
0 0.5390625 0.4578125 0.0953125 0.1515625