0 0.184375 0.39765625 0.3546875 0.54375
0 0.4375 0.36484375 0.2109375 0.4046875
0 0.21796875 0.759375 0.325 0.3921875
0 0.45625 0.65234375 0.18125 0.3546875
0 0.459375 0.85390625 0.165625 0.265625
0 0.57578125 0.2953125 0.2 0.33125
0 0.69609375 0.240625 0.171875 0.309375
0 0.8015625 0.19921875 0.1453125 0.2578125
0 0.81953125 0.42421875 0.09375 0.234375
0 0.8140625 0.58046875 0.1109375 0.228125
0 0.72890625 0.47265625 0.121875 0.26875
0 0.603125 0.528125 0.14375 0.2859375
0 0.60703125 0.7765625 0.1328125 0.34375
0 0.721875 0.690625 0.109375 0.303125