0 0.10390625 0.190625 0.2078125 0.1875
0 0.3359375 0.17890625 0.2640625 0.1703125
0 0.56875 0.0875 0.215625 0.175
0 0.79921875 0.12265625 0.2609375 0.1375
0 0.80859375 0.27109375 0.278125 0.1640625
0 0.8 0.434375 0.2390625 0.1890625
0 0.8578125 0.64765625 0.2484375 0.2625
0 0.8359375 0.8109375 0.303125 0.3125
0 0.575 0.290625 0.2109375 0.2328125
0 0.58359375 0.48984375 0.1984375 0.1859375
0 0.59296875 0.6171875 0.225 0.09375
0 0.59375 0.73671875 0.253125 0.15625
0 0.3484375 0.3453125 0.2734375 0.1859375
0 0.35703125 0.4921875 0.2671875 0.13125
0 0.34921875 0.63828125 0.2515625 0.15
0 0.34140625 0.79609375 0.2109375 0.2265625
0 0.11328125 0.346875 0.1921875 0.1578125
0 0.121875 0.4984375 0.196875 0.14375
0 0.13203125 0.62421875 0.20625 0.128125
0 0.14375 0.78203125 0.1859375 0.1671875