0 0.18828125 0.16953125 0.3765625 0.309375
0 0.45625 0.18515625 0.19375 0.2625
0 0.65703125 0.1546875 0.246875 0.3015625
0 0.88046875 0.146875 0.2390625 0.29375
0 0.85390625 0.41953125 0.2921875 0.284375
0 0.5796875 0.42578125 0.2984375 0.253125
0 0.175 0.45546875 0.35 0.29375
0 0.21015625 0.70546875 0.3671875 0.33125
0 0.459375 0.66484375 0.1640625 0.2625
0 0.6484375 0.6703125 0.228125 0.30625
0 0.8734375 0.678125 0.253125 0.3125
0 0.85 0.90078125 0.3 0.1984375
0 0.5921875 0.89296875 0.3 0.2140625
0 0.371875 0.8828125 0.328125 0.234375
0 0.115625 0.91484375 0.2 0.1703125