0 0.068750 0.123438 0.137500 0.246875
0 0.194531 0.117969 0.139063 0.235937
0 0.314844 0.121094 0.128125 0.242188
0 0.412500 0.134375 0.110937 0.268750
0 0.507031 0.138281 0.101563 0.276562
0 0.590625 0.160156 0.103125 0.239063
0 0.068750 0.374219 0.137500 0.323437
0 0.192188 0.378125 0.143750 0.279687
0 0.310937 0.379688 0.112500 0.287500
0 0.410156 0.374219 0.110937 0.262500
0 0.490625 0.365625 0.096875 0.251563
0 0.575000 0.377344 0.103125 0.218750
0 0.486719 0.578906 0.095312 0.221875
0 0.400000 0.589063 0.090625 0.239063
0 0.307031 0.618750 0.112500 0.256250
0 0.192188 0.639062 0.131250 0.270313
0 0.068750 0.665625 0.137500 0.309375
0 0.073438 0.884375 0.146875 0.231250
0 0.198437 0.864844 0.128125 0.270312
0 0.307031 0.834375 0.107813 0.264062
0 0.399219 0.807813 0.078125 0.237500
0 0.477344 0.789844 0.082812 0.223438
0 0.592969 0.824219 0.153125 0.298438
0 0.705469 0.814844 0.073438 0.237500
0 0.772656 0.789063 0.070313 0.212500
0 0.825000 0.763281 0.070313 0.192188
0 0.882813 0.746094 0.070313 0.164063
0 0.917188 0.732812 0.054688 0.173437
0 0.595313 0.601563 0.171875 0.275000
0 0.688281 0.392188 0.171875 0.250000
0 0.717187 0.601563 0.079687 0.226563
0 0.792969 0.589844 0.070313 0.226563
0 0.844531 0.571875 0.054688 0.212500
0 0.891406 0.575000 0.060937 0.184375
0 0.944531 0.561719 0.073438 0.190625
0 0.815625 0.402344 0.096875 0.246875
0 0.872656 0.392969 0.081250 0.215625
0 0.916406 0.385156 0.048438 0.195313
0 0.962500 0.387500 0.075000 0.173437
0 0.728125 0.156250 0.184375 0.262500
0 0.838281 0.163281 0.084375 0.260937
0 0.903125 0.174219 0.076563 0.231250
0 0.953906 0.186719 0.092188 0.245312