0 0.121094 0.307031 0.242188 0.139063
0 0.103125 0.207813 0.153125 0.076563
0 0.241406 0.197656 0.109375 0.095312
0 0.380469 0.321094 0.260937 0.148438
0 0.604688 0.315625 0.195313 0.157812
0 0.783594 0.328125 0.171875 0.167187
0 0.934375 0.341406 0.131250 0.164063
0 0.875781 0.500000 0.248438 0.181250
0 0.872656 0.641406 0.254688 0.175000
0 0.621875 0.475000 0.295312 0.190625
0 0.352344 0.457813 0.285938 0.153125
0 0.099219 0.441406 0.198437 0.160938
0 0.253125 0.592187 0.332813 0.206250
0 0.575781 0.608594 0.285938 0.167187
0 0.867188 0.842969 0.265624 0.314062
0 0.647656 0.835938 0.250000 0.295312
0 0.408594 0.822656 0.271875 0.279687
0 0.192969 0.809375 0.279687 0.251563