0 0.1984375 0.21875 0.35 0.265625
0 0.515625 0.2234375 0.33125 0.25
0 0.8421875 0.22109375 0.315625 0.2640625
0 0.8109375 0.4375 0.290625 0.209375
0 0.5140625 0.434375 0.30625 0.2125
0 0.20703125 0.428125 0.3296875 0.203125
0 0.2234375 0.62265625 0.3078125 0.196875
0 0.5046875 0.62265625 0.284375 0.2046875
0 0.784375 0.61640625 0.2859375 0.196875
0 0.7734375 0.7765625 0.265625 0.1609375
0 0.5109375 0.7828125 0.265625 0.178125
0 0.23671875 0.78828125 0.30625 0.153125
0 0.24453125 0.9203125 0.2828125 0.159375
0 0.50625 0.92421875 0.25625 0.1515625
0 0.75625 0.91796875 0.2546875 0.1640625