0 0.243750 0.196094 0.487500 0.192188
0 0.261719 0.378906 0.467187 0.151562
0 0.274219 0.539844 0.482812 0.171875
0 0.308594 0.685156 0.437500 0.129688
0 0.322656 0.800000 0.414063 0.131250
0 0.333594 0.894531 0.392188 0.153125
0 0.725781 0.147656 0.546875 0.223438
0 0.742969 0.319531 0.514062 0.195313
0 0.751563 0.509375 0.496874 0.187500
0 0.752344 0.674219 0.485938 0.160938
0 0.735938 0.790625 0.442188 0.162500
0 0.710938 0.891406 0.403125 0.159375
0 0.076563 0.856250 0.153125 0.121875
0 0.089063 0.953906 0.178125 0.092188
0 0.068750 0.747656 0.137500 0.104688