0 0.117969 0.085156 0.235937 0.162500
0 0.357812 0.089063 0.246875 0.164063
0 0.260156 0.227344 0.501563 0.146875
0 0.122656 0.371094 0.245312 0.164063
0 0.375781 0.378125 0.262500 0.150000
0 0.708594 0.357812 0.401562 0.131250
0 0.764844 0.496094 0.445313 0.187500
0 0.277344 0.521094 0.435937 0.134375
0 0.152344 0.642969 0.256250 0.153125
0 0.389062 0.652344 0.268750 0.140625
0 0.623437 0.644531 0.257813 0.148438
0 0.873437 0.645312 0.253125 0.143750
0 0.773438 0.780469 0.409375 0.140625
0 0.295312 0.786719 0.423438 0.135937
0 0.160938 0.910937 0.240625 0.153125
0 0.411719 0.912500 0.260937 0.142187
0 0.639062 0.898438 0.248438 0.171875
0 0.878906 0.911719 0.242188 0.150000