0 0.457031 0.085938 0.153125 0.159375
0 0.628906 0.086719 0.198437 0.173437
0 0.603906 0.253125 0.237500 0.214062
0 0.772656 0.269531 0.101563 0.181250
0 0.878125 0.272656 0.104688 0.179688
0 0.403906 0.263281 0.168750 0.175000
0 0.308594 0.121875 0.145313 0.146875
0 0.277344 0.273438 0.090625 0.176563
0 0.205469 0.266406 0.056250 0.162500
0 0.144531 0.268750 0.070313 0.146875
0 0.158594 0.421875 0.117188 0.150000
0 0.259375 0.426563 0.095312 0.178125
0 0.355469 0.441406 0.096875 0.184375
0 0.460938 0.440625 0.115625 0.182812
0 0.623437 0.459375 0.228125 0.203125
0 0.785937 0.451562 0.104688 0.200000
0 0.051562 0.400781 0.103124 0.145313
0 0.057813 0.537500 0.087500 0.164063
0 0.125781 0.553125 0.073438 0.160938
0 0.195313 0.567969 0.082812 0.171875
0 0.268750 0.589844 0.087500 0.193750
0 0.396094 0.613281 0.187500 0.196875
0 0.605469 0.642969 0.234375 0.221875
0 0.771875 0.640625 0.106250 0.193750
0 0.870313 0.614062 0.096875 0.176563
0 0.908594 0.814063 0.182812 0.253125
0 0.623437 0.838281 0.231250 0.228125
0 0.457031 0.807813 0.112500 0.203125
0 0.354687 0.770312 0.103125 0.198437
0 0.260156 0.742188 0.110937 0.187500
0 0.152344 0.703125 0.109375 0.164063
0 0.052344 0.675000 0.084375 0.125000
0 0.256250 0.903125 0.095312 0.193750
0 0.390625 0.926562 0.170313 0.146875
0 0.178906 0.872656 0.076563 0.168750
0 0.118750 0.837500 0.065625 0.173437