0 0.133594 0.189844 0.267188 0.379688
0 0.139844 0.579688 0.279687 0.426563
0 0.146875 0.840625 0.293750 0.318750
0 0.382031 0.830469 0.220312 0.295312
0 0.588281 0.831250 0.192188 0.289063
0 0.772656 0.824219 0.182812 0.282813
0 0.932813 0.832812 0.134374 0.262500
0 0.957031 0.530469 0.085938 0.314063
0 0.800781 0.532031 0.226563 0.320313
0 0.587500 0.535156 0.200000 0.312500
0 0.377344 0.532031 0.220312 0.307812
0 0.371094 0.210156 0.223438 0.368750
0 0.582812 0.194531 0.206250 0.350000
0 0.802344 0.191406 0.217188 0.350000
0 0.953125 0.183594 0.093750 0.353125