0 0.159375 0.17578125 0.31875 0.19375
0 0.4875 0.19765625 0.3734375 0.2046875
0 0.83046875 0.20078125 0.3390625 0.203125
0 0.83515625 0.3703125 0.328125 0.165625
0 0.50625 0.3703125 0.353125 0.1734375
0 0.165625 0.35703125 0.3296875 0.178125
0 0.18515625 0.51015625 0.36875 0.171875
0 0.54375 0.52578125 0.35 0.16875
0 0.85546875 0.528125 0.2890625 0.1796875
0 0.24296875 0.6453125 0.3375 0.134375
0 0.57265625 0.66796875 0.328125 0.1421875
0 0.859375 0.6578125 0.28125 0.1265625
0 0.853125 0.76015625 0.29375 0.1203125
0 0.55703125 0.76328125 0.3109375 0.125
0 0.24921875 0.76171875 0.334375 0.13125
0 0.23984375 0.8546875 0.303125 0.1109375
0 0.53359375 0.85390625 0.290625 0.1078125
0 0.82265625 0.85703125 0.3171875 0.1328125