0 0.2265625 0.1734375 0.4234375 0.3015625
0 0.54921875 0.16796875 0.2515625 0.3171875
0 0.8140625 0.17734375 0.3171875 0.3265625
0 0.68984375 0.43984375 0.428125 0.2796875
0 0.38828125 0.43203125 0.2421875 0.25625
0 0.17265625 0.42578125 0.2234375 0.2515625
0 0.24375 0.6359375 0.3609375 0.23125
0 0.515625 0.6546875 0.2296875 0.2515625
0 0.7265625 0.675 0.2453125 0.2265625
0 0.64453125 0.86171875 0.3546875 0.2265625
0 0.3890625 0.8390625 0.1953125 0.1921875
0 0.21328125 0.82265625 0.228125 0.2109375