0 0.213281 0.115625 0.204687 0.215625
0 0.428906 0.097656 0.267188 0.195312
0 0.714063 0.095312 0.351563 0.190624
0 0.692969 0.267969 0.303125 0.243750
0 0.432812 0.295312 0.251563 0.220312
0 0.230469 0.295312 0.221875 0.195313
0 0.221875 0.474219 0.201563 0.184375
0 0.433594 0.474219 0.218750 0.187500
0 0.689844 0.479687 0.285938 0.209375
0 0.912500 0.397656 0.175000 0.192188
0 0.918750 0.587500 0.162500 0.198437
0 0.904687 0.737500 0.190625 0.210938
0 0.689844 0.660937 0.304688 0.184375
0 0.430469 0.643750 0.264062 0.207813
0 0.229687 0.627344 0.223438 0.190625
0 0.333594 0.852344 0.364063 0.295312
0 0.615625 0.871875 0.337500 0.256250
0 0.905469 0.909375 0.189062 0.159375