0 0.110937 0.175000 0.221874 0.160938
0 0.340625 0.182031 0.267188 0.170313
0 0.457813 0.075781 0.248438 0.151562
0 0.703125 0.070313 0.259375 0.140625
0 0.885156 0.075000 0.134375 0.139063
0 0.781250 0.199219 0.268750 0.153125
0 0.571875 0.195313 0.176563 0.150000
0 0.671875 0.330469 0.285938 0.154688
0 0.912500 0.350000 0.175000 0.165625
0 0.700000 0.493750 0.153125 0.150000
0 0.882813 0.473438 0.234374 0.157812
0 0.930469 0.606250 0.139062 0.131250
0 0.742969 0.629687 0.259375 0.162500
0 0.446875 0.487500 0.412500 0.215625
0 0.221875 0.334375 0.295312 0.146875
0 0.133594 0.475000 0.267188 0.168750
0 0.090625 0.670312 0.181250 0.259375
0 0.313281 0.642188 0.385937 0.254688
0 0.548438 0.637500 0.129688 0.159375
0 0.176563 0.845313 0.353125 0.220312
0 0.465625 0.782031 0.271875 0.200000
0 0.664844 0.763281 0.126562 0.143750
0 0.839844 0.732812 0.215625 0.165625
0 0.900000 0.815625 0.200000 0.168750
0 0.697656 0.884375 0.259375 0.154688
0 0.514844 0.903125 0.132813 0.117188
0 0.297656 0.922656 0.315625 0.154688