0 0.74 0.2545156 0.76 0.26108374375 0.9039999999999999 0.26108374375 0.976 0.2528735625 0.9880000000000001 0.1625615765625 0.974 0.0903119875 0.916 0.0804597703125 0.77 0.078817734375 0.736 0.0870279140625 0.74 0.2545156
0 0.742 0.1543513953125 0.74 0.0771756984375 0.704 0.0689655171875 0.626 0.0722495890625 0.518 0.064039409375 0.492 0.08866995 0.49800000000000005 0.167487684375 0.488 0.197044334375 0.496 0.2380952375 0.492 0.26765188906250004 0.688 0.272577996875 0.744 0.26108374375 0.75 0.2545156 0.742 0.2364532015625 0.75 0.17733990156249999 0.742 0.1543513953125
0 0.16 0.09688013125 0.16399999999999998 0.2380952375 0.172 0.2660098515625 0.48200000000000004 0.2660098515625 0.48200000000000004 0.0870279140625 0.172 0.0870279140625 0.16 0.09688013125
0 0.07890625 0.17734375 0.1578125 0.1859375
0 0.3890625 0.0421875 0.2453125 0.084375
0 0.67890625 0.03984375 0.3515625 0.0796875
0 0.9171875 0.33984375 0.165625 0.175
0 0.67578125 0.34765625 0.3359375 0.171875
0 0.38984375 0.3640625 0.228125 0.171875
0 0.13828125 0.36953125 0.275 0.19375
0 0.85703125 0.51171875 0.2859375 0.1796875
0 0.61328125 0.52265625 0.2359375 0.1578125
0 0.34453125 0.52734375 0.31875 0.171875
0 0.096875 0.53125 0.19375 0.178125
0 0.16171875 0.69453125 0.3234375 0.171875
0 0.415625 0.6859375 0.259375 0.1765625
0 0.67890625 0.6890625 0.3015625 0.165625
0 0.90703125 0.6796875 0.1859375 0.175
0 0.86015625 0.83203125 0.2796875 0.1828125
0 0.61875 0.83984375 0.2265625 0.16875
0 0.36640625 0.85 0.3390625 0.16875
0 0.103125 0.853125 0.20625 0.1703125
0 0.1609375 0.95703125 0.321875 0.0859375
0 0.421875 0.95859375 0.2234375 0.0828125
0 0.66328125 0.953125 0.3015625 0.09375
0 0.90703125 0.95625 0.1859375 0.0875