0 0.16796875 0.20625 0.2765625 0.165625
0 0.16953125 0.34765625 0.271875 0.1625
0 0.16953125 0.49375 0.2703125 0.1671875
0 0.1703125 0.64375 0.275 0.15625
0 0.17734375 0.790625 0.2734375 0.1796875
0 0.46796875 0.8125 0.2765625 0.2234375
0 0.5578125 0.21328125 0.2578125 0.15625
0 0.56015625 0.3640625 0.240625 0.1515625
0 0.55078125 0.503125 0.2390625 0.1609375
0 0.54609375 0.640625 0.2203125 0.1546875
0 0.73203125 0.50859375 0.140625 0.14375
0 0.89375 0.52890625 0.171875 0.1734375
0 0.8953125 0.68359375 0.1625 0.171875
0 0.73203125 0.65859375 0.1734375 0.190625
0 0.7265625 0.8296875 0.15625 0.1609375
0 0.89609375 0.83671875 0.1828125 0.1453125