0 0.14453125 0.0546875 0.1640625 0.109375
0 0.12890625 0.1265625 0.153125 0.1140625
0 0.12890625 0.21640625 0.146875 0.103125
0 0.12890625 0.328125 0.153125 0.1234375
0 0.146875 0.43203125 0.29375 0.1140625
0 0.14453125 0.54296875 0.2890625 0.1265625
0 0.3875 0.0359375 0.2875 0.0703125
0 0.38984375 0.125 0.2703125 0.1046875
0 0.3859375 0.23046875 0.290625 0.1
0 0.35 0.3265625 0.2765625 0.1125
0 0.42890625 0.434375 0.278125 0.1140625
0 0.4265625 0.54375 0.296875 0.125
0 0.69765625 0.4265625 0.290625 0.11875
0 0.70546875 0.53984375 0.2828125 0.125
0 0.6703125 0.034375 0.296875 0.06875
0 0.6890625 0.11640625 0.2875 0.1015625
0 0.69765625 0.21953125 0.3046875 0.115625
0 0.69609375 0.3296875 0.2890625 0.1125
0 0.92265625 0.18828125 0.1546875 0.121875
0 0.91171875 0.37265625 0.1765625 0.1625
0 0.9203125 0.525 0.159375 0.1453125
0 0.94140625 0.68515625 0.1171875 0.1765625
0 0.95 0.84609375 0.1 0.2078125
0 0.7390625 0.6546875 0.159375 0.121875
0 0.5765625 0.65234375 0.159375 0.128125
0 0.42890625 0.66171875 0.1390625 0.1328125
0 0.2859375 0.66328125 0.15 0.1484375
0 0.13203125 0.65078125 0.1671875 0.1375
0 0.128125 0.78828125 0.1625 0.1328125
0 0.27578125 0.77734375 0.1546875 0.1375
0 0.4296875 0.7796875 0.1546875 0.1296875
0 0.58203125 0.77578125 0.15 0.1234375
0 0.72578125 0.77578125 0.140625 0.1203125
0 0.75078125 0.8984375 0.1515625 0.1390625
0 0.59609375 0.8984375 0.1578125 0.1359375
0 0.44453125 0.90390625 0.146875 0.1484375
0 0.296875 0.915625 0.1625 0.140625
0 0.14375 0.9140625 0.1671875 0.1359375