0 0.205469 0.185938 0.231250 0.167187
0 0.407813 0.172656 0.237500 0.170313
0 0.278125 0.050781 0.292187 0.101562
0 0.508594 0.053125 0.192188 0.106250
0 0.684375 0.058594 0.160938 0.112500
0 0.868750 0.150781 0.262500 0.181250
0 0.917188 0.274219 0.165624 0.220312
0 0.736719 0.336719 0.329688 0.193750
0 0.482031 0.331250 0.306250 0.179688
0 0.243750 0.357812 0.282813 0.206250
0 0.253125 0.586719 0.337500 0.289063
0 0.558594 0.530469 0.320313 0.289063
0 0.841406 0.549219 0.317188 0.257813
0 0.860156 0.835938 0.279687 0.328124
0 0.605469 0.821094 0.389062 0.357812
0 0.253125 0.858594 0.370312 0.281250