0 0.845313 0.204687 0.304688 0.168750
0 0.577344 0.228125 0.250000 0.156250
0 0.353906 0.243750 0.203125 0.140625
0 0.171094 0.260156 0.190625 0.104688
0 0.203906 0.378906 0.150000 0.112500
0 0.075000 0.383594 0.150000 0.112500
0 0.078906 0.507813 0.157812 0.148438
0 0.135156 0.613281 0.262500 0.164063
0 0.163281 0.735938 0.260937 0.173437
0 0.851563 0.358594 0.296874 0.148438
0 0.851563 0.502344 0.296874 0.142187
0 0.850781 0.639062 0.293750 0.159375
0 0.852344 0.768750 0.290625 0.153125
0 0.578906 0.367188 0.253125 0.131250
0 0.597656 0.498437 0.251563 0.126562
0 0.607031 0.622656 0.246875 0.129688
0 0.602344 0.732812 0.237500 0.150000
0 0.371875 0.373437 0.200000 0.115625
0 0.385937 0.493750 0.209375 0.121875
0 0.391406 0.603125 0.203125 0.135937
0 0.401562 0.701562 0.201563 0.134375
0 0.217969 0.482812 0.137500 0.110937