0 0.103906 0.058594 0.201563 0.117188
0 0.121094 0.254688 0.226563 0.320313
0 0.131250 0.542969 0.235937 0.300000
0 0.125000 0.813281 0.250000 0.326562
0 0.327344 0.126562 0.257813 0.251563
0 0.338281 0.380469 0.250000 0.295312
0 0.346875 0.641406 0.248438 0.300000
0 0.352344 0.854688 0.223438 0.289063
0 0.539063 0.125781 0.193750 0.251562
0 0.539844 0.377344 0.201563 0.289063
0 0.539063 0.628125 0.185938 0.268750
0 0.543750 0.867188 0.181250 0.257813
0 0.724219 0.117969 0.196875 0.235937
0 0.728906 0.370312 0.184375 0.296875
0 0.715625 0.635156 0.182812 0.273438
0 0.714063 0.871094 0.179688 0.257812
0 0.887500 0.884375 0.181250 0.231250
0 0.899219 0.642969 0.201562 0.273438
0 0.905469 0.383594 0.189062 0.290625
0 0.903125 0.128906 0.193750 0.257812