0 0.28515625 0.11953125 0.34375 0.2390625
0 0.146875 0.30234375 0.29375 0.4671875
0 0.4046875 0.303125 0.2796875 0.453125
0 0.75 0.1046875 0.3734375 0.209375
0 0.68046875 0.3 0.3125 0.4671875
0 0.8875 0.31171875 0.225 0.5203125
0 0.89765625 0.66015625 0.203125 0.2078125
0 0.68359375 0.63203125 0.3125 0.2625
0 0.41875 0.63203125 0.2265625 0.1984375
0 0.2078125 0.625 0.25625 0.215625
0 0.165625 0.8 0.296875 0.3953125
0 0.43359375 0.8640625 0.2796875 0.271875
0 0.70546875 0.871875 0.2828125 0.2234375
0 0.9078125 0.859375 0.184375 0.184375