0 0.313281 0.157812 0.217188 0.314063
0 0.530469 0.157812 0.228125 0.314063
0 0.736719 0.152344 0.220312 0.304688
0 0.908594 0.153125 0.182812 0.306250
0 0.906250 0.488281 0.182812 0.359375
0 0.717187 0.491406 0.189062 0.360938
0 0.523438 0.493750 0.201563 0.364063
0 0.323437 0.497656 0.204687 0.356250
0 0.128906 0.501563 0.225000 0.357812
0 0.146094 0.828125 0.212500 0.287500
0 0.329688 0.810156 0.182812 0.314063
0 0.511719 0.819531 0.181250 0.310937
0 0.692187 0.825000 0.171875 0.315625
0 0.878906 0.819531 0.201563 0.317188