0 0.14375 0.171875 0.2875 0.3109375
0 0.14921875 0.4640625 0.2984375 0.2828125
0 0.14375 0.70078125 0.2875 0.30625
0 0.146875 0.88125 0.29375 0.2375
0 0.37578125 0.20234375 0.2203125 0.259375
0 0.38515625 0.4125 0.20625 0.2375
0 0.37734375 0.63125 0.184375 0.228125
0 0.38671875 0.815625 0.1828125 0.24375
0 0.3875 0.9265625 0.175 0.146875
0 0.53515625 0.2421875 0.1046875 0.1734375
0 0.5421875 0.42265625 0.121875 0.1734375
0 0.53203125 0.5921875 0.1390625 0.1828125
0 0.52421875 0.746875 0.1296875 0.2015625
0 0.528125 0.8875 0.109375 0.225
0 0.78671875 0.184375 0.4265625 0.325
0 0.82421875 0.45546875 0.3515625 0.1859375
0 0.89609375 0.63046875 0.2078125 0.234375
0 0.72265625 0.59296875 0.1546875 0.1875
0 0.71328125 0.74296875 0.14375 0.196875
0 0.8921875 0.81015625 0.215625 0.2640625
0 0.70234375 0.8859375 0.14375 0.2109375
0 0.8890625 0.93046875 0.21875 0.1390625