0 0.538281 0.072656 0.560937 0.145312
0 0.528125 0.234375 0.528125 0.210938
0 0.557813 0.446094 0.514062 0.209375
0 0.578906 0.656250 0.526563 0.218750
0 0.588281 0.843750 0.471875 0.200000
0 0.160156 0.864062 0.320312 0.143750
0 0.163281 0.733594 0.326562 0.140625
0 0.157812 0.599219 0.315624 0.137500
0 0.157031 0.438281 0.314062 0.204687
0 0.146094 0.234375 0.292187 0.217188
0 0.897656 0.301563 0.204687 0.225000
0 0.901563 0.503906 0.196874 0.193750
0 0.901563 0.678906 0.196874 0.192188
0 0.907813 0.881250 0.184374 0.237500