0 0.6515625 0.30625 0.3890625 0.265625
0 0.3421875 0.34609375 0.315625 0.2328125
0 0.1125 0.36640625 0.225 0.18125
0 0.10078125 0.54609375 0.2015625 0.19375
0 0.31015625 0.5578125 0.2984375 0.2359375
0 0.6265625 0.5625 0.390625 0.2703125
0 0.90390625 0.5734375 0.1921875 0.28125
0 0.915625 0.29296875 0.16875 0.275
0 0.89296875 0.84609375 0.2140625 0.3078125
0 0.6140625 0.7984375 0.3796875 0.296875
0 0.284375 0.75703125 0.3125 0.246875
0 0.0875 0.71796875 0.175 0.2078125
0 0.26328125 0.88984375 0.296875 0.121875