0 0.24609375 0.1421875 0.48125 0.15
0 0.69921875 0.12109375 0.5 0.1515625
0 0.7078125 0.2734375 0.490625 0.1578125
0 0.25703125 0.29453125 0.4765625 0.1328125
0 0.27890625 0.4296875 0.459375 0.153125
0 0.73984375 0.41171875 0.465625 0.1546875
0 0.628125 0.546875 0.278125 0.125
0 0.28203125 0.55625 0.45625 0.13125
0 0.32421875 0.6921875 0.45 0.121875
0 0.17890625 0.81953125 0.3578125 0.359375
0 0.64375 0.671875 0.25 0.1390625
0 0.6359375 0.79296875 0.2234375 0.146875
0 0.65859375 0.9125 0.2296875 0.128125
0 0.45390625 0.80234375 0.1921875 0.1359375
0 0.45546875 0.921875 0.2046875 0.1296875
0 0.865625 0.61171875 0.26875 0.2640625
0 0.8671875 0.8078125 0.265625 0.2625