0 0.3171875 0.12734375 0.1140625 0.2328125
0 0.1984375 0.34765625 0.1109375 0.2484375
0 0.2875 0.3875 0.1546875 0.2953125
0 0.41953125 0.3921875 0.1140625 0.303125
0 0.546875 0.4171875 0.1421875 0.246875
0 0.675 0.40390625 0.121875 0.2578125
0 0.7671875 0.36875 0.1015625 0.246875
0 0.8234375 0.3328125 0.0984375 0.1984375
0 0.8515625 0.553125 0.1078125 0.25625
0 0.871875 0.78515625 0.065625 0.20625
0 0.790625 0.6265625 0.1296875 0.3109375
0 0.6796875 0.64140625 0.115625 0.2390625
0 0.55390625 0.646875 0.1359375 0.2515625
0 0.421875 0.65390625 0.140625 0.2375
0 0.2859375 0.6390625 0.13125 0.24375
0 0.15703125 0.61328125 0.146875 0.2859375
0 0.14609375 0.84921875 0.1390625 0.259375
0 0.27265625 0.8578125 0.125 0.2234375
0 0.4015625 0.8609375 0.121875 0.2578125
0 0.52890625 0.86484375 0.125 0.2578125
0 0.6671875 0.85390625 0.125 0.2234375
0 0.78203125 0.859375 0.1234375 0.2515625