0 0.571875 0.10390625 0.4640625 0.1546875
0 0.54609375 0.2296875 0.4734375 0.175
0 0.7640625 0.3953125 0.2484375 0.303125
0 0.40078125 0.36796875 0.4421875 0.1234375
0 0.4015625 0.47890625 0.453125 0.1359375
0 0.09453125 0.36640625 0.1890625 0.115625
0 0.0984375 0.4828125 0.196875 0.1296875
0 0.103125 0.61171875 0.20625 0.1875
0 0.29921875 0.65859375 0.2265625 0.2828125
0 0.52890625 0.6765625 0.234375 0.2921875
0 0.7578125 0.67265625 0.246875 0.2875
0 0.75390625 0.9078125 0.2484375 0.184375
0 0.52734375 0.8921875 0.2453125 0.215625