0 0.374219 0.094531 0.479687 0.143750
0 0.353906 0.233594 0.707812 0.154688
0 0.846875 0.223438 0.306250 0.142187
0 0.701562 0.359375 0.596875 0.140625
0 0.220312 0.367969 0.440624 0.151562
0 0.347656 0.491406 0.695312 0.134375
0 0.833594 0.484375 0.332812 0.143750
0 0.703906 0.608594 0.592187 0.135937
0 0.212500 0.609375 0.425000 0.135937
0 0.340625 0.724219 0.681250 0.131250
0 0.833594 0.721875 0.332812 0.121875
0 0.696875 0.828125 0.606250 0.131250
0 0.205469 0.831250 0.410938 0.129688
0 0.823438 0.940625 0.353124 0.118750
0 0.333594 0.939063 0.667188 0.115625