0 0.638281 0.171094 0.117188 0.240625
0 0.768750 0.194531 0.145313 0.192188
0 0.901563 0.264844 0.142187 0.204687
0 0.894531 0.464844 0.137500 0.204687
0 0.889844 0.653906 0.151562 0.207813
0 0.886719 0.846094 0.137500 0.212500
0 0.763281 0.396094 0.125000 0.229687
0 0.639062 0.398438 0.115625 0.234375
0 0.759375 0.610156 0.128125 0.207813
0 0.639062 0.604688 0.117188 0.207813
0 0.759375 0.817969 0.125000 0.223438
0 0.646875 0.821094 0.114062 0.221875
0 0.524219 0.287500 0.129688 0.201563
0 0.388281 0.309375 0.131250 0.195313
0 0.261719 0.321094 0.134375 0.189062
0 0.119531 0.290625 0.153125 0.189062
0 0.126562 0.475000 0.132813 0.204687
0 0.255469 0.485156 0.137500 0.203125
0 0.390625 0.488281 0.131250 0.195313
0 0.518750 0.475781 0.128125 0.200000
0 0.514062 0.660937 0.137500 0.192188
0 0.379688 0.668750 0.134375 0.192188
0 0.255469 0.673438 0.132813 0.200000
0 0.142969 0.670312 0.110937 0.207813
0 0.139844 0.850000 0.132813 0.187500
0 0.267188 0.849219 0.123438 0.187500
0 0.389062 0.846875 0.128125 0.187500
0 0.519531 0.850000 0.131250 0.179688