0 0.123438 0.209375 0.246875 0.201563
0 0.128906 0.384375 0.257812 0.214062
0 0.135937 0.568750 0.271874 0.171875
0 0.143750 0.728125 0.287500 0.187500
0 0.172656 0.871094 0.264062 0.159375
0 0.377344 0.120313 0.295312 0.240625
0 0.368750 0.317188 0.284375 0.203125
0 0.396094 0.503125 0.284375 0.200000
0 0.397656 0.665625 0.273438 0.185938
0 0.421094 0.818750 0.262500 0.192188
0 0.421875 0.946875 0.262500 0.106250
0 0.694531 0.117969 0.320313 0.235937
0 0.673438 0.326562 0.296875 0.214062
0 0.697656 0.510938 0.290625 0.209375
0 0.669531 0.661719 0.257813 0.228125
0 0.678125 0.842969 0.251563 0.179688
0 0.682813 0.954688 0.246875 0.090624
0 0.893750 0.786719 0.210938 0.421875
0 0.917188 0.496094 0.165624 0.176563
0 0.905469 0.314844 0.189062 0.207813
0 0.911719 0.117969 0.176562 0.235937