0 0.142187 0.350781 0.210938 0.209375
0 0.325781 0.354687 0.165625 0.187500
0 0.451562 0.338281 0.104688 0.157812
0 0.475781 0.514062 0.135937 0.195313
0 0.157812 0.567187 0.206250 0.218750
0 0.326562 0.550781 0.164063 0.203125
0 0.162500 0.767188 0.192188 0.226563
0 0.331250 0.723437 0.157812 0.212500
0 0.471875 0.680469 0.129688 0.200000
0 0.472656 0.828906 0.123438 0.189062
0 0.337500 0.876563 0.148438 0.210938
0 0.179688 0.905469 0.179688 0.189062
0 0.030469 0.523438 0.060937 0.168750
0 0.646094 0.241406 0.150000 0.154688
0 0.642969 0.381250 0.145313 0.154688
0 0.638281 0.516406 0.143750 0.150000
0 0.631250 0.650000 0.135937 0.151562
0 0.598437 0.781250 0.117188 0.171875
0 0.701562 0.767969 0.090625 0.153125
0 0.787500 0.732031 0.090625 0.125000
0 0.749219 0.627344 0.101563 0.132813
0 0.757031 0.503125 0.101563 0.132813
0 0.751563 0.378906 0.078125 0.140625
0 0.753906 0.244531 0.070313 0.148438
0 0.830469 0.246094 0.081250 0.137500
0 0.554688 0.374219 0.043750 0.151562
0 0.821094 0.377344 0.089063 0.128125
0 0.828906 0.495312 0.054688 0.139063
0 0.815625 0.612500 0.056250 0.117188
0 0.901563 0.264844 0.062500 0.128125
0 0.914063 0.378906 0.096875 0.125000
0 0.879687 0.487500 0.059375 0.114062
0 0.935156 0.486719 0.051562 0.126562
0 0.894531 0.599219 0.098437 0.114062
0 0.873437 0.700781 0.115625 0.117188
0 0.950000 0.708594 0.054688 0.106250