0 0.373437 0.150781 0.367188 0.129688
0 0.661719 0.174219 0.267188 0.118750
0 0.539844 0.252344 0.171875 0.125000
0 0.705469 0.260156 0.153125 0.103125
0 0.306250 0.233594 0.250000 0.109375
0 0.352344 0.319531 0.329688 0.089063
0 0.654687 0.336719 0.267188 0.123438
0 0.651563 0.403906 0.273438 0.093750
0 0.369531 0.400000 0.340625 0.114062
0 0.310937 0.486719 0.231250 0.110937
0 0.313281 0.564063 0.237500 0.140625
0 0.523438 0.479687 0.201563 0.079687
0 0.679688 0.475000 0.164063 0.090625
0 0.676562 0.557031 0.132813 0.096875
0 0.525781 0.561719 0.200000 0.106250
0 0.301563 0.632031 0.329688 0.121875
0 0.301563 0.708594 0.334375 0.104688
0 0.581250 0.673438 0.271875 0.101563
0 0.322656 0.779687 0.210938 0.095312
0 0.480469 0.753906 0.170313 0.093750
0 0.622656 0.736719 0.143750 0.084375
0 0.622656 0.810156 0.145313 0.093750
0 0.474219 0.839844 0.148438 0.084375
0 0.300781 0.847656 0.195313 0.103125