0 0.1375 0.15859375 0.275 0.2734375
0 0.40234375 0.1453125 0.3234375 0.290625
0 0.69375 0.15078125 0.2984375 0.25625
0 0.91171875 0.13671875 0.1765625 0.2734375
0 0.84609375 0.37265625 0.3078125 0.221875
0 0.575 0.384375 0.2890625 0.1984375
0 0.2140625 0.3875 0.428125 0.2046875
0 0.159375 0.5640625 0.278125 0.1796875
0 0.41328125 0.56640625 0.2625 0.190625
0 0.69140625 0.56328125 0.2828125 0.190625
0 0.91484375 0.5625 0.1703125 0.1921875
0 0.8359375 0.73203125 0.328125 0.1703125
0 0.56328125 0.7265625 0.2578125 0.1625
0 0.2609375 0.7328125 0.3671875 0.15
0 0.225 0.87421875 0.246875 0.16875
0 0.47265625 0.875 0.234375 0.140625
0 0.6984375 0.875 0.234375 0.1625
0 0.9046875 0.88359375 0.190625 0.1515625