0 0.786719 0.059375 0.390625 0.118750
0 0.842187 0.172656 0.262500 0.143750
0 0.585156 0.178125 0.260937 0.142187
0 0.468750 0.068750 0.265625 0.137500
0 0.238281 0.075781 0.251563 0.151562
0 0.303125 0.187500 0.350000 0.107813
0 0.184375 0.296875 0.246875 0.129688
0 0.417187 0.289063 0.239063 0.132813
0 0.768750 0.292969 0.387500 0.131250
0 0.858594 0.410938 0.281250 0.143750
0 0.608594 0.419531 0.271875 0.146875
0 0.292969 0.426563 0.356250 0.131250
0 0.203125 0.521094 0.203125 0.131250
0 0.424219 0.517969 0.239063 0.134375
0 0.808594 0.526563 0.382812 0.159375
0 0.875781 0.651563 0.248438 0.137500
0 0.656250 0.658594 0.243750 0.146875
0 0.289063 0.641406 0.357812 0.139063
0 0.219531 0.742188 0.256250 0.139063
0 0.487500 0.757031 0.253125 0.140625
0 0.808594 0.754687 0.382812 0.137500
0 0.875781 0.878125 0.248438 0.157812
0 0.656250 0.866406 0.270313 0.157812
0 0.321094 0.861719 0.353125 0.121875
0 0.194531 0.931250 0.225000 0.137500
0 0.432812 0.945313 0.276562 0.109374