0 0.096094 0.082031 0.173437 0.164062
0 0.253906 0.082031 0.160938 0.164062
0 0.402344 0.080469 0.165625 0.160938
0 0.548438 0.083594 0.157812 0.167187
0 0.691406 0.108594 0.157812 0.217188
0 0.846875 0.108594 0.156250 0.217188
0 0.850000 0.353125 0.159375 0.310937
0 0.703906 0.346094 0.131250 0.318750
0 0.566406 0.316406 0.171875 0.350000
0 0.402344 0.310937 0.178125 0.351563
0 0.235156 0.302344 0.170313 0.351563
0 0.078125 0.302344 0.156250 0.325000
0 0.076563 0.623437 0.153125 0.335938
0 0.227344 0.623437 0.176563 0.348438
0 0.392188 0.627344 0.171875 0.343750
0 0.557031 0.639844 0.175000 0.334375
0 0.717187 0.642188 0.175000 0.340625
0 0.882031 0.654687 0.184375 0.317188
0 0.867969 0.898438 0.171875 0.203124
0 0.704688 0.892969 0.168750 0.214062
0 0.546094 0.887500 0.160938 0.225000
0 0.385937 0.885938 0.171875 0.228124
0 0.085938 0.885938 0.171875 0.228124
0 0.225000 0.885938 0.156250 0.228124