0 0.209375 0.247656 0.176563 0.295312
0 0.321094 0.243750 0.129688 0.303125
0 0.450781 0.253125 0.143750 0.279687
0 0.558594 0.250781 0.123438 0.271875
0 0.727344 0.579688 0.200000 0.345313
0 0.728906 0.858594 0.190625 0.242188
0 0.561719 0.843750 0.146875 0.250000
0 0.563281 0.566406 0.167187 0.340625
0 0.422656 0.566406 0.154688 0.348438
0 0.281250 0.559375 0.173437 0.356250
0 0.146094 0.553906 0.170313 0.360938
0 0.167969 0.823438 0.146875 0.242188
0 0.300000 0.826562 0.154688 0.228125
0 0.428906 0.828906 0.134375 0.243750