0 0.125 0.24375 0.0921875 0.1921875
0 0.228125 0.23984375 0.1140625 0.1875
0 0.33203125 0.2578125 0.096875 0.175
0 0.42109375 0.26171875 0.0984375 0.1625
0 0.50234375 0.2640625 0.0875 0.175
0 0.5921875 0.26875 0.090625 0.165625
0 0.68828125 0.278125 0.1015625 0.2234375
0 0.6828125 0.13671875 0.1703125 0.121875
0 0.8046875 0.2578125 0.140625 0.25625
0 0.8265625 0.5171875 0.1234375 0.2796875
0 0.70859375 0.52890625 0.1453125 0.2859375
0 0.5921875 0.4359375 0.09375 0.1859375
0 0.50390625 0.4390625 0.0828125 0.178125
0 0.41640625 0.42578125 0.1140625 0.1828125
0 0.31796875 0.43203125 0.096875 0.190625
0 0.2203125 0.42421875 0.1109375 0.1828125
0 0.11171875 0.42265625 0.1109375 0.1984375
0 0.06484375 0.61015625 0.1171875 0.203125
0 0.17421875 0.6078125 0.1203125 0.2140625
0 0.29921875 0.61640625 0.09375 0.1859375
0 0.39921875 0.61171875 0.1078125 0.1921875
0 0.49921875 0.6140625 0.0921875 0.20625
0 0.59765625 0.6171875 0.1046875 0.2
0 0.7171875 0.80078125 0.1484375 0.3265625
0 0.846875 0.80390625 0.125 0.309375
0 0.6 0.8046875 0.10625 0.209375
0 0.49765625 0.80703125 0.0984375 0.21875
0 0.40390625 0.81328125 0.0984375 0.2125
0 0.2859375 0.8171875 0.115625 0.221875
0 0.1640625 0.81953125 0.13125 0.215625
0 0.05546875 0.8140625 0.1109375 0.2015625