0 0.135937 0.139063 0.271874 0.221875
0 0.366406 0.153906 0.271875 0.206250
0 0.589063 0.180469 0.206250 0.181250
0 0.732812 0.190625 0.167187 0.162500
0 0.413281 0.054688 0.362500 0.109375
0 0.689063 0.067187 0.253125 0.134374
0 0.152344 0.331250 0.304688 0.201563
0 0.380469 0.322656 0.232813 0.182812
0 0.574219 0.327344 0.212500 0.167187
0 0.748437 0.329688 0.153125 0.154688
0 0.903125 0.325000 0.189062 0.140625
0 0.891406 0.450000 0.187500 0.137500
0 0.890625 0.568750 0.193750 0.153125
0 0.892969 0.678125 0.190625 0.159375
0 0.745313 0.453125 0.178125 0.132813
0 0.589063 0.467969 0.182812 0.156250
0 0.394531 0.478125 0.215625 0.181250
0 0.160156 0.515625 0.320312 0.207813
0 0.160156 0.679688 0.320312 0.204687
0 0.410156 0.632031 0.232813 0.192188
0 0.603906 0.600000 0.182812 0.160938
0 0.745313 0.582031 0.159375 0.159375
0 0.171094 0.829688 0.342187 0.221875
0 0.428906 0.766406 0.210938 0.192188
0 0.604688 0.722656 0.184375 0.165625
0 0.753906 0.686719 0.178125 0.148438
0 0.839063 0.817969 0.275000 0.198437
0 0.833594 0.937500 0.267188 0.125000
0 0.629687 0.938281 0.153125 0.123438
0 0.621094 0.830469 0.195313 0.148438
0 0.440625 0.897656 0.206250 0.204687
0 0.164063 0.931250 0.328125 0.137500