0 0.210938 0.128906 0.362500 0.257812
0 0.509375 0.127344 0.306250 0.254688
0 0.831250 0.127344 0.337500 0.254688
0 0.867969 0.353906 0.264062 0.239063
0 0.566406 0.352344 0.376563 0.229687
0 0.196094 0.353125 0.392188 0.240625
0 0.068750 0.564063 0.137500 0.220312
0 0.247656 0.553906 0.306250 0.207813
0 0.510938 0.545312 0.281250 0.234375
0 0.821094 0.558594 0.357812 0.196875
0 0.845313 0.738281 0.309374 0.223438
0 0.549219 0.733594 0.339062 0.184375
0 0.233594 0.732031 0.351563 0.204687
0 0.095312 0.861719 0.190624 0.204687
0 0.269531 0.867188 0.262500 0.178125
0 0.521875 0.869531 0.243750 0.165625
0 0.780469 0.883594 0.315625 0.207813