0 0.5203125 0.17890625 0.346875 0.2234375
0 0.81328125 0.196875 0.2375 0.2
0 0.86171875 0.38203125 0.234375 0.178125
0 0.56484375 0.3859375 0.3734375 0.2046875
0 0.30390625 0.3875 0.153125 0.171875
0 0.134375 0.11171875 0.2 0.1390625
0 0.125 0.246875 0.2046875 0.1234375
0 0.128125 0.36953125 0.178125 0.1140625
0 0.1328125 0.4875 0.196875 0.1375
0 0.134375 0.6140625 0.190625 0.128125
0 0.13984375 0.73359375 0.190625 0.1484375
0 0.1359375 0.83671875 0.184375 0.1625
0 0.290625 0.82265625 0.125 0.215625
0 0.26015625 0.665625 0.0765625 0.159375
0 0.33203125 0.69453125 0.0796875 0.1875
0 0.55703125 0.74453125 0.3671875 0.2359375
0 0.51484375 0.56484375 0.346875 0.215625
0 0.2890625 0.52421875 0.125 0.18125
0 0.79453125 0.55859375 0.2453125 0.1890625
0 0.84765625 0.72265625 0.2328125 0.2125
0 0.79921875 0.8921875 0.2359375 0.215625
0 0.5171875 0.89765625 0.328125 0.203125
0 0.2875 0.21875 0.1421875 0.1671875
0 0.259375 0.07421875 0.078125 0.1484375
0 0.33828125 0.07109375 0.0953125 0.1421875
0 0.57109375 0.0484375 0.3734375 0.096875
0 0.88203125 0.06328125 0.2359375 0.1265625