0 0.15 0.13828125 0.3 0.1421875
0 0.53828125 0.16796875 0.490625 0.15625
0 0.8796875 0.1703125 0.240625 0.1046875
0 0.8765625 0.38046875 0.246875 0.2359375
0 0.86796875 0.575 0.2640625 0.2234375
0 0.5265625 0.34140625 0.4734375 0.2484375
0 0.14609375 0.33984375 0.2921875 0.2421875
0 0.1421875 0.5421875 0.2828125 0.209375
0 0.140625 0.73515625 0.28125 0.2203125
0 0.14453125 0.9109375 0.2890625 0.178125
0 0.50703125 0.5578125 0.459375 0.2265625
0 0.49765625 0.74453125 0.4359375 0.2234375
0 0.4890625 0.90703125 0.43125 0.1859375
0 0.85 0.91796875 0.3 0.1640625
0 0.859375 0.76328125 0.28125 0.2046875