0 0.088281 0.209375 0.176562 0.271875
0 0.253906 0.201563 0.218750 0.257813
0 0.271094 0.460156 0.195313 0.229687
0 0.112500 0.453906 0.179688 0.239063
0 0.116406 0.704688 0.232812 0.301563
0 0.123438 0.880469 0.246875 0.239062
0 0.448437 0.466406 0.210938 0.298438
0 0.362500 0.694531 0.192188 0.301563
0 0.543750 0.688281 0.167187 0.309375
0 0.382813 0.910156 0.179688 0.179688
0 0.551562 0.900781 0.171875 0.198437
0 0.438281 0.204687 0.192188 0.281250
0 0.601563 0.187500 0.178125 0.268750
0 0.778125 0.185156 0.201563 0.271875
0 0.924219 0.166406 0.151562 0.271875
0 0.914063 0.400000 0.171874 0.242188
0 0.753125 0.411719 0.171875 0.257813
0 0.607812 0.430469 0.160938 0.231250
0 0.742969 0.628906 0.153125 0.228125
0 0.901563 0.619531 0.178125 0.214062
0 0.879687 0.797656 0.162500 0.204687
0 0.730469 0.815625 0.150000 0.182812
0 0.868750 0.942969 0.165625 0.114062
0 0.728125 0.941406 0.143750 0.117188