0 0.3890625 0.12890625 0.43125 0.2578125
0 0.79453125 0.1265625 0.4109375 0.2515625
0 0.79296875 0.36953125 0.4140625 0.2484375
0 0.3984375 0.365625 0.409375 0.234375
0 0.4015625 0.58046875 0.38125 0.2046875
0 0.79609375 0.58046875 0.40625 0.2046875
0 0.76875 0.7796875 0.3671875 0.1953125
0 0.4140625 0.76640625 0.3625 0.184375
0 0.765625 0.93125 0.3578125 0.1375
0 0.43203125 0.92109375 0.3453125 0.1578125
0 0.12734375 0.928125 0.2546875 0.14375
0 0.128125 0.7796875 0.25625 0.16875
0 0.1265625 0.61015625 0.2515625 0.171875
0 0.11640625 0.42734375 0.2328125 0.190625
0 0.09765625 0.22578125 0.1953125 0.209375