0 0.477344 0.139844 0.168750 0.237500
0 0.582031 0.355469 0.190625 0.260937
0 0.612500 0.128125 0.114062 0.210938
0 0.757031 0.125000 0.175000 0.237500
0 0.750781 0.358594 0.154688 0.248438
0 0.758594 0.585938 0.171875 0.245312
0 0.750000 0.796094 0.157812 0.239063
0 0.725000 0.934375 0.210938 0.131250
0 0.596094 0.823438 0.196875 0.246875
0 0.581250 0.614844 0.187500 0.245312
0 0.440625 0.357812 0.107813 0.229687
0 0.444531 0.580469 0.110937 0.229687
0 0.453906 0.789063 0.115625 0.228125
0 0.459375 0.934375 0.106250 0.131250
0 0.347656 0.149219 0.095312 0.207813
0 0.340625 0.346875 0.101563 0.212500
0 0.353906 0.541406 0.093750 0.204687
0 0.362500 0.731250 0.098437 0.223438
0 0.371094 0.897656 0.089063 0.204687
0 0.270313 0.163281 0.078125 0.198437
0 0.272656 0.348438 0.087500 0.206250
0 0.275781 0.531250 0.076563 0.218750
0 0.288281 0.714063 0.084375 0.192188
0 0.304688 0.862500 0.092188 0.189062
0 0.242969 0.833594 0.065625 0.160938
0 0.180469 0.787500 0.071875 0.167187
0 0.207813 0.170313 0.065625 0.182812
0 0.203125 0.346875 0.073438 0.175000
0 0.214062 0.526563 0.081250 0.201563
0 0.152344 0.191406 0.070313 0.170313
0 0.150000 0.350781 0.051562 0.178125
0 0.157812 0.504687 0.051562 0.171875
0 0.164063 0.647656 0.059375 0.143750
0 0.217969 0.672656 0.070313 0.187500