0 0.246875 0.196094 0.193750 0.260937
0 0.432812 0.196875 0.187500 0.282813
0 0.632031 0.210938 0.220312 0.248438
0 0.805469 0.214062 0.148438 0.246875
0 0.772656 0.442969 0.218750 0.223438
0 0.534375 0.433594 0.246875 0.231250
0 0.282813 0.444531 0.285938 0.223438
0 0.242969 0.661719 0.196875 0.228125
0 0.442969 0.654687 0.170313 0.204687
0 0.625781 0.644531 0.156250 0.201563
0 0.787500 0.639062 0.162500 0.206250
0 0.936719 0.382031 0.126562 0.267188
0 0.932031 0.592969 0.135937 0.265625
0 0.928906 0.778906 0.142187 0.264062
0 0.981250 0.828906 0.037500 0.235937
0 0.280469 0.870313 0.267188 0.223438
0 0.522656 0.849219 0.225000 0.209375
0 0.735156 0.830469 0.210938 0.182812
0 0.768750 0.953125 0.142187 0.093750
0 0.620313 0.951562 0.145313 0.096875
0 0.418750 0.966406 0.154688 0.067187
0 0.028906 0.428906 0.057812 0.335938
0 0.101563 0.391406 0.070313 0.279687
0 0.081250 0.661719 0.067187 0.301563