0 0.29375 0.2125 0.284375 0.24375
0 0.59296875 0.19140625 0.3171875 0.2828125
0 0.0859375 0.23515625 0.171875 0.1984375
0 0.08125 0.43515625 0.1625 0.2296875
0 0.28203125 0.43203125 0.2921875 0.234375
0 0.57421875 0.42265625 0.3125 0.25625
0 0.7765625 0.42109375 0.121875 0.26875
0 0.77578125 0.66171875 0.109375 0.2453125
0 0.5734375 0.65390625 0.3453125 0.2671875
0 0.28828125 0.64375 0.2734375 0.2109375
0 0.07578125 0.6421875 0.1515625 0.209375
0 0.0796875 0.803125 0.159375 0.146875
0 0.3015625 0.809375 0.303125 0.1609375
0 0.59453125 0.83203125 0.309375 0.18125