0 0.20859375 0.1015625 0.4171875 0.203125
0 0.5796875 0.1046875 0.3578125 0.209375
0 0.87890625 0.08828125 0.2421875 0.1765625
0 0.875 0.30859375 0.25 0.28125
0 0.19140625 0.3328125 0.3828125 0.28125
0 0.27578125 0.48203125 0.2421875 0.3515625
0 0.509375 0.47578125 0.2265625 0.365625
0 0.7265625 0.47890625 0.253125 0.36875
0 0.51015625 0.80859375 0.23125 0.3375
0 0.740625 0.79921875 0.23125 0.3265625
0 0.2953125 0.825 0.24375 0.315625
0 0.0921875 0.6203125 0.184375 0.284375
0 0.91796875 0.58359375 0.1640625 0.3015625