0 0.134375 0.07421875 0.2015625 0.1484375
0 0.13515625 0.2265625 0.2 0.1859375
0 0.1421875 0.39609375 0.2 0.175
0 0.15078125 0.5609375 0.203125 0.1953125
0 0.159375 0.71796875 0.1890625 0.1890625
0 0.1671875 0.87734375 0.19375 0.196875
0 0.334375 0.08984375 0.1796875 0.1796875
0 0.3375 0.2296875 0.18125 0.178125
0 0.34140625 0.3859375 0.1828125 0.1546875
0 0.34609375 0.534375 0.1796875 0.1765625
0 0.3484375 0.68671875 0.1796875 0.1765625
0 0.35234375 0.82578125 0.16875 0.1921875
0 0.51328125 0.79609375 0.1515625 0.1875
0 0.5078125 0.6578125 0.1453125 0.1609375
0 0.50078125 0.52265625 0.1375 0.1484375
0 0.50078125 0.3828125 0.153125 0.153125
0 0.49375 0.2375 0.15 0.153125
0 0.49140625 0.09921875 0.146875 0.165625