0 0.21015625 0.1671875 0.38125 0.2625
0 0.5046875 0.1734375 0.2578125 0.265625
0 0.7625 0.1890625 0.2609375 0.23125
0 0.1609375 0.40390625 0.303125 0.2421875
0 0.4328125 0.40859375 0.253125 0.2375
0 0.72890625 0.4171875 0.33125 0.2125
0 0.75625 0.634375 0.2671875 0.2234375
0 0.51875 0.634375 0.2671875 0.2234375
0 0.21640625 0.6375 0.353125 0.2296875
0 0.18125 0.8609375 0.28125 0.23125
0 0.44140625 0.8484375 0.240625 0.23125
0 0.70390625 0.84375 0.2859375 0.209375
0 0.9359375 0.5328125 0.128125 0.115625
0 0.93671875 0.4171875 0.1265625 0.1265625