0 0.865625 0.08671875 0.215625 0.13125
0 0.64453125 0.11171875 0.2484375 0.125
0 0.453125 0.13046875 0.1578125 0.103125
0 0.33125 0.15625 0.1125 0.1015625
0 0.21875 0.165625 0.1296875 0.090625
0 0.1 0.17265625 0.13125 0.0984375
0 0.09140625 0.2671875 0.1390625 0.096875
0 0.21015625 0.253125 0.125 0.1
0 0.33046875 0.2484375 0.11875 0.10625
0 0.45234375 0.23671875 0.1625 0.1125
0 0.64375 0.22109375 0.2453125 0.1328125
0 0.85 0.203125 0.2046875 0.125
0 0.85390625 0.3171875 0.203125 0.115625
0 0.63515625 0.3265625 0.2453125 0.11875
0 0.453125 0.33359375 0.1640625 0.13125
0 0.315625 0.34140625 0.1515625 0.090625
0 0.2046875 0.346875 0.1265625 0.1046875
0 0.07890625 0.34453125 0.1578125 0.096875
0 0.0703125 0.4328125 0.140625 0.09375
0 0.175 0.4375 0.1421875 0.1046875
0 0.30390625 0.425 0.1390625 0.1109375
0 0.44453125 0.43359375 0.146875 0.109375
0 0.6265625 0.42734375 0.2640625 0.1234375
0 0.834375 0.4328125 0.2 0.11875
0 0.86171875 0.55 0.2765625 0.1375
0 0.85859375 0.66875 0.28125 0.1453125
0 0.85078125 0.78828125 0.2984375 0.1484375
0 0.84453125 0.91015625 0.3109375 0.1796875
0 0.6625 0.53828125 0.196875 0.1359375
0 0.49765625 0.5328125 0.2 0.1171875
0 0.32890625 0.5359375 0.2046875 0.1
0 0.12265625 0.52421875 0.2453125 0.103125
0 0.12265625 0.609375 0.2453125 0.10625
0 0.30234375 0.62890625 0.25 0.1234375
0 0.4859375 0.6390625 0.1765625 0.1296875
0 0.640625 0.65078125 0.1859375 0.1171875
0 0.6265625 0.75703125 0.184375 0.1375
0 0.4796875 0.75 0.196875 0.1390625
0 0.6265625 0.875 0.2375 0.15625
0 0.47265625 0.85859375 0.196875 0.1484375
0 0.2890625 0.71875 0.2046875 0.1296875
0 0.0953125 0.6984375 0.190625 0.103125
0 0.28046875 0.82421875 0.21875 0.1375
0 0.115625 0.81015625 0.178125 0.128125
0 0.10546875 0.90078125 0.121875 0.125
0 0.24296875 0.9296875 0.15625 0.140625
0 0.37265625 0.940625 0.15625 0.11875
0 0.5578125 0.95390625 0.240625 0.0921875