0 0.1828125 0.29375 0.1671875 0.1609375
0 0.19375 0.43984375 0.1671875 0.1609375
0 0.19375 0.5796875 0.1625 0.153125
0 0.2015625 0.70859375 0.1609375 0.153125
0 0.2046875 0.84609375 0.15625 0.1375
0 0.35625 0.8484375 0.1484375 0.1375
0 0.353125 0.709375 0.153125 0.1375
0 0.35078125 0.5796875 0.146875 0.134375
0 0.35625 0.44296875 0.1625 0.140625
0 0.35078125 0.29453125 0.153125 0.1546875
0 0.5203125 0.28125 0.1609375 0.1640625
0 0.51875 0.42890625 0.171875 0.1515625
0 0.51171875 0.5734375 0.1640625 0.1671875
0 0.51015625 0.7140625 0.1703125 0.1515625
0 0.51171875 0.84140625 0.15625 0.14375
0 0.68828125 0.275 0.175 0.1640625
0 0.68671875 0.428125 0.1796875 0.1609375
0 0.6796875 0.5640625 0.1671875 0.1640625
0 0.67421875 0.7140625 0.16875 0.15625
0 0.6796875 0.846875 0.1671875 0.1375
0 0.8375 0.853125 0.1671875 0.1453125
0 0.84921875 0.7125 0.1875 0.134375
0 0.84609375 0.57109375 0.184375 0.1609375
0 0.86640625 0.43125 0.184375 0.1640625
0 0.86953125 0.2828125 0.1859375 0.1734375