0 0.13203125 0.07578125 0.2640625 0.1515625
0 0.178125 0.2546875 0.2046875 0.2453125
0 0.14375 0.49140625 0.2875 0.2578125
0 0.18203125 0.6875 0.184375 0.2671875
0 0.153125 0.88046875 0.24375 0.2359375
0 0.33828125 0.159375 0.1765625 0.2140625
0 0.48515625 0.17734375 0.128125 0.1578125
0 0.46171875 0.0609375 0.1828125 0.121875
0 0.31015625 0.328125 0.1234375 0.1875
0 0.4234375 0.33984375 0.1015625 0.1734375
0 0.50546875 0.3359375 0.078125 0.1671875
0 0.48125 0.484375 0.1375 0.1640625
0 0.35078125 0.4953125 0.1484375 0.2140625
0 0.31328125 0.68203125 0.0984375 0.215625
0 0.41953125 0.646875 0.1015625 0.190625
0 0.50078125 0.61484375 0.084375 0.15625
0 0.54453125 0.77421875 0.253125 0.246875
0 0.43671875 0.9328125 0.2765625 0.134375
0 0.665625 0.06953125 0.225 0.1390625
0 0.87890625 0.0578125 0.2421875 0.115625
0 0.9140625 0.1859375 0.171875 0.175
0 0.7609375 0.18671875 0.153125 0.16875
0 0.60546875 0.2015625 0.1578125 0.1625
0 0.64921875 0.34140625 0.215625 0.1734375
0 0.878125 0.3453125 0.2421875 0.1640625
0 0.91328125 0.50234375 0.1734375 0.2
0 0.75859375 0.490625 0.1484375 0.1765625
0 0.6109375 0.47890625 0.1359375 0.15
0 0.64140625 0.62734375 0.209375 0.1828125
0 0.8703125 0.646875 0.259375 0.1921875
0 0.9078125 0.803125 0.184375 0.190625
0 0.7546875 0.7875 0.171875 0.175
0 0.8734375 0.921875 0.253125 0.15625