0 0.13359375 0.16796875 0.2671875 0.1546875
0 0.39375 0.19296875 0.26875 0.1390625
0 0.659375 0.19375 0.253125 0.140625
0 0.9125 0.1140625 0.175 0.15
0 0.89296875 0.23515625 0.2140625 0.1296875
0 0.8984375 0.3484375 0.203125 0.1375
0 0.8890625 0.4625 0.221875 0.125
0 0.875 0.5734375 0.2421875 0.1328125
0 0.84453125 0.68046875 0.2296875 0.125
0 0.828125 0.7609375 0.2296875 0.1171875
0 0.81484375 0.8625 0.2484375 0.1453125
0 0.6703125 0.3234375 0.2421875 0.1703125
0 0.65390625 0.44609375 0.2640625 0.15
0 0.63671875 0.553125 0.2515625 0.1421875
0 0.62890625 0.66171875 0.2390625 0.121875
0 0.6046875 0.7515625 0.215625 0.096875
0 0.58515625 0.8265625 0.21875 0.1265625
0 0.403125 0.3296875 0.2828125 0.1875
0 0.134375 0.28046875 0.26875 0.1421875
0 0.13828125 0.40546875 0.2765625 0.1765625
0 0.403125 0.45 0.2734375 0.1359375
0 0.38359375 0.55703125 0.25625 0.140625
0 0.3921875 0.6609375 0.2546875 0.109375
0 0.378125 0.75 0.24375 0.125
0 0.3546875 0.83515625 0.25 0.1296875
0 0.3578125 0.94140625 0.2375 0.1171875
0 0.140625 0.515625 0.28125 0.1625
0 0.13203125 0.62734375 0.2640625 0.128125
0 0.12890625 0.73671875 0.2578125 0.140625
0 0.12890625 0.853125 0.2578125 0.121875
0 0.58359375 0.06796875 0.3953125 0.1359375