0 0.25546875 0.23984375 0.196875 0.128125
0 0.43203125 0.23671875 0.184375 0.1375
0 0.6203125 0.24609375 0.1875 0.1171875
0 0.78984375 0.34765625 0.178125 0.1109375
0 0.81953125 0.46953125 0.2265625 0.1546875
0 0.26015625 0.340625 0.19375 0.1171875
0 0.434375 0.34140625 0.1890625 0.1171875
0 0.61484375 0.3453125 0.1765625 0.1015625
0 0.6296875 0.47109375 0.2 0.1671875
0 0.4484375 0.46796875 0.196875 0.1546875
0 0.23125 0.47109375 0.2390625 0.15
0 0.80859375 0.57578125 0.2109375 0.1109375
0 0.621875 0.584375 0.1859375 0.109375
0 0.4375 0.58671875 0.1796875 0.1140625
0 0.2484375 0.57890625 0.2140625 0.1078125
0 0.18046875 0.71875 0.2484375 0.1984375
0 0.40234375 0.71640625 0.2140625 0.1921875
0 0.6078125 0.71953125 0.221875 0.190625
0 0.82109375 0.73125 0.271875 0.190625
0 0.81875 0.8640625 0.23125 0.1359375
0 0.6015625 0.86640625 0.2203125 0.128125
0 0.3953125 0.8625 0.2359375 0.115625
0 0.16953125 0.85859375 0.2375 0.1109375