0 0.053906 0.400000 0.107812 0.312500
0 0.178906 0.400781 0.159375 0.278125
0 0.060156 0.690625 0.120312 0.309375
0 0.178906 0.681250 0.157812 0.321875
0 0.321094 0.678125 0.160938 0.303125
0 0.465625 0.672656 0.162500 0.317188
0 0.602344 0.667188 0.140625 0.309375
0 0.725781 0.659375 0.128125 0.298438
0 0.843750 0.656250 0.131250 0.279687
0 0.948438 0.653906 0.103124 0.295312
0 0.810937 0.400000 0.167187 0.275000
0 0.939844 0.398438 0.120312 0.278125
0 0.939844 0.197656 0.120312 0.189062
0 0.321094 0.421875 0.137500 0.262500
0 0.446875 0.415625 0.139063 0.260937
0 0.567187 0.423438 0.125000 0.251563
0 0.678125 0.418750 0.125000 0.251563
0 0.096094 0.189844 0.114062 0.178125
0 0.208594 0.204687 0.121875 0.193750
0 0.321094 0.210156 0.115625 0.200000
0 0.432812 0.214062 0.115625 0.195313
0 0.538281 0.215625 0.121875 0.212500
0 0.636719 0.219531 0.107813 0.190625
0 0.729688 0.230469 0.106250 0.195313
0 0.828906 0.215625 0.110937 0.157812