0 0.23359375 0.08046875 0.23125 0.1515625
0 0.496875 0.04921875 0.3296875 0.0984375
0 0.45546875 0.16015625 0.3671875 0.2265625
0 0.24375 0.20625 0.1875 0.1890625
0 0.27734375 0.365625 0.2390625 0.1953125
0 0.5375 0.3328125 0.3359375 0.203125
0 0.27421875 0.52109375 0.153125 0.1625
0 0.51015625 0.51328125 0.34375 0.1859375
0 0.146875 0.484375 0.1609375 0.115625
0 0.16171875 0.5828125 0.1671875 0.10625
0 0.1546875 0.72109375 0.2109375 0.1734375
0 0.34296875 0.659375 0.221875 0.1609375
0 0.59375 0.659375 0.30625 0.21875
0 0.33046875 0.78984375 0.1734375 0.1828125
0 0.5765625 0.83515625 0.334375 0.2140625
0 0.79453125 0.6203125 0.1109375 0.15625
0 0.7546875 0.34765625 0.109375 0.15
0 0.83984375 0.10546875 0.175 0.15
0 0.8453125 0.23203125 0.1625 0.128125
0 0.88828125 0.33984375 0.1859375 0.13125
0 0.89765625 0.459375 0.15625 0.121875
0 0.90625 0.55 0.1828125 0.125
0 0.81640625 0.71484375 0.1515625 0.1625
0 0.92734375 0.67109375 0.1453125 0.1296875