0 0.082031 0.224219 0.090625 0.153125
0 0.018750 0.216406 0.037500 0.142187
0 0.164844 0.228125 0.084375 0.164063
0 0.253906 0.224219 0.093750 0.153125
0 0.336719 0.229687 0.073438 0.168750
0 0.423438 0.228125 0.101563 0.168750
0 0.503125 0.232031 0.085938 0.173437
0 0.589844 0.236719 0.085938 0.151562
0 0.671875 0.232813 0.089063 0.153125
0 0.779687 0.227344 0.109375 0.150000
0 0.867969 0.232031 0.068750 0.160938
0 0.927344 0.421094 0.121875 0.259375
0 0.822656 0.436719 0.109375 0.243750
0 0.711719 0.426563 0.125000 0.254688
0 0.596094 0.430469 0.106250 0.243750
0 0.482812 0.423438 0.114062 0.240625
0 0.367969 0.419531 0.115625 0.245312
0 0.249219 0.420312 0.121875 0.250000
0 0.135156 0.417187 0.112500 0.257813
0 0.039063 0.413281 0.078125 0.256250
0 0.565625 0.037500 0.200000 0.075000
0 0.565625 0.112500 0.201563 0.076563
0 0.862500 0.107031 0.234375 0.098437
0 0.862500 0.032031 0.221875 0.064062
0 0.331250 0.103125 0.129688 0.095312
0 0.332813 0.050781 0.135937 0.101562
0 0.213281 0.096875 0.100000 0.095312
0 0.128125 0.096875 0.085938 0.098437
0 0.050000 0.100000 0.079687 0.101563
0 0.047656 0.655469 0.095312 0.264062
0 0.144531 0.665625 0.120313 0.257813
0 0.256250 0.661719 0.106250 0.259375
0 0.369531 0.666406 0.123438 0.248438
0 0.483594 0.660156 0.106250 0.265625
0 0.594531 0.661719 0.107813 0.265625
0 0.711719 0.660937 0.117188 0.275000
0 0.824219 0.664844 0.106250 0.262500
0 0.939063 0.661719 0.107813 0.264062
0 0.935156 0.893750 0.128125 0.210938
0 0.818750 0.885156 0.117188 0.207813
0 0.713281 0.882031 0.120313 0.226563
0 0.602344 0.886719 0.120313 0.226562
0 0.496875 0.886719 0.121875 0.220312
0 0.373437 0.887500 0.128125 0.225000
0 0.256250 0.889062 0.107813 0.221875
0 0.147656 0.887500 0.107813 0.225000
0 0.051562 0.881250 0.103124 0.218750