0 0.7125 0.2859375 0.1484375 0.1375
0 0.86640625 0.29140625 0.175 0.1359375
0 0.92421875 0.4375 0.1515625 0.16875
0 0.7796875 0.4234375 0.1734375 0.178125
0 0.62265625 0.42578125 0.140625 0.153125
0 0.90859375 0.57890625 0.1828125 0.171875
0 0.90234375 0.73125 0.1953125 0.1859375
0 0.89765625 0.88125 0.2 0.1984375
0 0.75390625 0.56796875 0.15 0.1796875
0 0.6296875 0.5625 0.125 0.1734375
0 0.61953125 0.6921875 0.1390625 0.15625
0 0.74296875 0.7171875 0.15 0.178125
0 0.73671875 0.8640625 0.1390625 0.1734375
0 0.6140625 0.83203125 0.1359375 0.1578125
0 0.61171875 0.93828125 0.11875 0.1234375
0 0.509375 0.27421875 0.1375 0.240625
0 0.378125 0.2734375 0.134375 0.21875
0 0.27109375 0.28828125 0.0921875 0.2015625
0 0.4625 0.4875 0.2140625 0.2375
0 0.28203125 0.4734375 0.175 0.203125
0 0.47734375 0.68984375 0.1203125 0.2234375
0 0.3671875 0.6671875 0.1078125 0.221875
0 0.2609375 0.65859375 0.09375 0.2203125
0 0.4484375 0.8765625 0.2234375 0.246875
0 0.26875 0.84375 0.1515625 0.2515625
0 0.12421875 0.46796875 0.153125 0.1765625
0 0.13359375 0.63515625 0.159375 0.1953125
0 0.125 0.79375 0.1515625 0.209375