0 0.807031 0.304688 0.284375 0.248438
0 0.810156 0.514844 0.229687 0.182812
0 0.779687 0.660937 0.204687 0.164063
0 0.762500 0.792188 0.195313 0.146875
0 0.746875 0.924219 0.173437 0.145313
0 0.583594 0.925781 0.196875 0.135937
0 0.585156 0.793750 0.181250 0.146875
0 0.592187 0.648438 0.189062 0.148438
0 0.607031 0.447656 0.209375 0.264062
0 0.401562 0.450781 0.210938 0.281250
0 0.211719 0.439063 0.253125 0.281250
0 0.207813 0.642188 0.203125 0.181250
0 0.399219 0.649219 0.198437 0.185938
0 0.396094 0.792969 0.203125 0.170313
0 0.400000 0.913281 0.173437 0.139063
0 0.212500 0.778125 0.195313 0.160938
0 0.228125 0.910156 0.189062 0.137500
0 0.098437 0.049219 0.162500 0.098437
0 0.119531 0.154688 0.185938 0.107813
0 0.117188 0.235156 0.165625 0.107813
0 0.127344 0.317188 0.156250 0.084375
0 0.274219 0.057031 0.179688 0.114062
0 0.264062 0.142969 0.170313 0.117188
0 0.266406 0.232031 0.143750 0.098437
0 0.396875 0.245312 0.150000 0.101563
0 0.539063 0.244531 0.142187 0.103125
0 0.550781 0.166406 0.137500 0.128125
0 0.406250 0.164063 0.145313 0.112500
0 0.420312 0.066406 0.146875 0.093750
0 0.561719 0.071094 0.148438 0.104688