0 0.135156 0.193750 0.103125 0.070313
0 0.228906 0.199219 0.106250 0.071875
0 0.339062 0.198437 0.109375 0.067187
0 0.428125 0.198437 0.110937 0.070313
0 0.517969 0.199219 0.090625 0.071875
0 0.607812 0.195313 0.112500 0.064062
0 0.903125 0.190625 0.193750 0.100000
0 0.885938 0.305469 0.228124 0.132813
0 0.891406 0.417187 0.217188 0.131250
0 0.915625 0.534375 0.168750 0.121875
0 0.891406 0.632031 0.217188 0.107813
0 0.885938 0.731250 0.228124 0.090625
0 0.903125 0.824219 0.193750 0.101563
0 0.915625 0.916406 0.168750 0.081250
0 0.728906 0.921875 0.259375 0.093750
0 0.718750 0.825781 0.242188 0.114062
0 0.689844 0.735938 0.171875 0.096875
0 0.682813 0.639844 0.192188 0.096875
0 0.716406 0.532031 0.237500 0.101563
0 0.692969 0.422656 0.223438 0.114062
0 0.693750 0.310156 0.220312 0.121875
0 0.448437 0.307812 0.273438 0.143750
0 0.457031 0.421875 0.278125 0.131250
0 0.503906 0.544531 0.182812 0.115625
0 0.467969 0.650000 0.242188 0.114062
0 0.482812 0.734375 0.254688 0.120313
0 0.509375 0.839844 0.171875 0.110937
0 0.525000 0.926562 0.192188 0.092188
0 0.315625 0.946875 0.250000 0.095312
0 0.303125 0.843750 0.256250 0.123438
0 0.271875 0.750781 0.217188 0.090625
0 0.257031 0.657031 0.209375 0.117188
0 0.285938 0.544531 0.262500 0.115625
0 0.235156 0.430469 0.207813 0.134375
0 0.208594 0.308594 0.239063 0.142187
0 0.053125 0.311719 0.106250 0.139063
0 0.076563 0.424219 0.153125 0.137500
0 0.080469 0.552344 0.160938 0.134375
0 0.085156 0.653125 0.170312 0.117188
0 0.088281 0.761719 0.176562 0.104688
0 0.100781 0.860156 0.201562 0.121875
0 0.121094 0.944531 0.189062 0.110937