0 0.039063 0.253125 0.078125 0.137500
0 0.141406 0.250000 0.137500 0.139063
0 0.279687 0.255469 0.139063 0.125000
0 0.409375 0.256250 0.129688 0.123438
0 0.529687 0.249219 0.129688 0.125000
0 0.645312 0.257813 0.117188 0.123438
0 0.757813 0.258594 0.114062 0.128125
0 0.872656 0.267188 0.115625 0.121875
0 0.693750 0.378125 0.465625 0.129688
0 0.222656 0.382813 0.445312 0.131250
0 0.036719 0.517969 0.073438 0.134375
0 0.139844 0.513281 0.142187 0.121875
0 0.278906 0.510938 0.143750 0.120313
0 0.403906 0.512500 0.131250 0.128125
0 0.528906 0.502344 0.117188 0.120313
0 0.652344 0.506250 0.120313 0.128125
0 0.774219 0.500781 0.107813 0.120313
0 0.892969 0.503125 0.121875 0.123438
0 0.739844 0.622656 0.467187 0.120313
0 0.228125 0.648438 0.456250 0.131250
0 0.041406 0.777344 0.082812 0.126562
0 0.157031 0.780469 0.137500 0.143750
0 0.287500 0.763281 0.145313 0.126562
0 0.427344 0.764844 0.140625 0.137500
0 0.544531 0.752344 0.128125 0.132813
0 0.671094 0.754687 0.125000 0.132813
0 0.789063 0.745313 0.115625 0.117188
0 0.903125 0.741406 0.114062 0.121875
0 0.960938 0.382031 0.078124 0.126562