0 0.060937 0.300000 0.121874 0.303125
0 0.232813 0.304688 0.234375 0.295312
0 0.142969 0.084375 0.176563 0.168750
0 0.292969 0.064844 0.142187 0.129688
0 0.453125 0.103125 0.190625 0.206250
0 0.607031 0.185938 0.157812 0.217188
0 0.449219 0.297656 0.168750 0.231250
0 0.603125 0.388281 0.153125 0.209375
0 0.439844 0.581250 0.200000 0.281250
0 0.239063 0.578125 0.220312 0.265625
0 0.066406 0.567187 0.132812 0.290625
0 0.071875 0.821094 0.143750 0.282813
0 0.238281 0.825781 0.207813 0.275000
0 0.433594 0.837500 0.200000 0.295312
0 0.620313 0.817969 0.193750 0.310937