0 0.163281 0.038281 0.173437 0.076562
0 0.332031 0.040625 0.179688 0.081250
0 0.498437 0.041406 0.170313 0.082812
0 0.666406 0.039063 0.168750 0.078125
0 0.838281 0.035937 0.168750 0.071874
0 0.907031 0.110937 0.185938 0.078125
0 0.700781 0.122656 0.242188 0.096875
0 0.448437 0.120313 0.246875 0.106250
0 0.196094 0.113281 0.259375 0.103125
0 0.159375 0.176563 0.318750 0.129688
0 0.142187 0.305469 0.282813 0.170313
0 0.480469 0.293750 0.371875 0.165625
0 0.835938 0.303906 0.328124 0.176563
0 0.085938 0.463281 0.171875 0.203125
0 0.292187 0.439844 0.267188 0.176563
0 0.556250 0.444531 0.271875 0.170313
0 0.807813 0.445313 0.262500 0.167187
0 0.155469 0.620313 0.310937 0.176563
0 0.493750 0.586719 0.371875 0.159375
0 0.836719 0.585938 0.326562 0.159375
0 0.808594 0.729688 0.253125 0.156250
0 0.567969 0.735938 0.265625 0.160938
0 0.309375 0.738281 0.268750 0.167187
0 0.093750 0.761719 0.187500 0.171875
0 0.153125 0.883594 0.306250 0.173437
0 0.511719 0.860156 0.354687 0.148438
0 0.839844 0.860156 0.320312 0.170313