0 0.103125 0.060156 0.206250 0.120312
0 0.117188 0.184375 0.234375 0.146875
0 0.096875 0.321094 0.193750 0.165625
0 0.085156 0.469531 0.170312 0.171875
0 0.085156 0.630469 0.170312 0.167187
0 0.068750 0.795312 0.137500 0.193750
0 0.534375 0.931250 0.779687 0.137500
0 0.521094 0.810937 0.745313 0.167187
0 0.522656 0.642969 0.750000 0.167187
0 0.528125 0.501563 0.717187 0.151562
0 0.509375 0.360938 0.682813 0.126562
0 0.497656 0.228906 0.682813 0.143750
0 0.510938 0.117188 0.625000 0.142187
0 0.893750 0.173437 0.212500 0.098437
0 0.896875 0.265625 0.206250 0.125000
0 0.903906 0.364844 0.192188 0.090625