0 0.14453125 0.7171875 0.2328125 0.240625
0 0.58984375 0.77734375 0.21875 0.228125
0 0.16875 0.525 0.221875 0.2140625
0 0.1546875 0.32265625 0.21875 0.2078125
0 0.22421875 0.09609375 0.2359375 0.1921875
0 0.40390625 0.15234375 0.1828125 0.3046875
0 0.69140625 0.15625 0.2296875 0.2578125
0 0.5171875 0.17109375 0.1796875 0.3421875
0 0.67109375 0.3546875 0.2078125 0.2078125
0 0.6515625 0.5375 0.2078125 0.2015625
0 0.4078125 0.45703125 0.21875 0.2171875
0 0.446875 0.7515625 0.1515625 0.3125
0 0.31015625 0.7234375 0.1625 0.3203125