0 0.25859375 0.0765625 0.2328125 0.153125
0 0.20390625 0.2796875 0.2359375 0.21875
0 0.1453125 0.51796875 0.2359375 0.2265625
0 0.1046875 0.73046875 0.209375 0.2203125
0 0.3265625 0.69921875 0.1734375 0.315625
0 0.42890625 0.44140625 0.225 0.215625
0 0.4484375 0.1578125 0.18125 0.315625
0 0.58828125 0.82734375 0.215625 0.21875
0 0.4453125 0.72421875 0.1734375 0.315625
0 0.63203125 0.63203125 0.2140625 0.2078125
0 0.69296875 0.3890625 0.21875 0.2140625
0 0.57734375 0.1875 0.175 0.321875
0 0.75625 0.1671875 0.221875 0.221875