0 0.42890625 0.6703125 0.2078125 0.3734375
0 0.67421875 0.7765625 0.1984375 0.1890625
0 0.5140625 0.76015625 0.15 0.3125
0 0.6734375 0.52421875 0.2 0.2015625
0 0.6453125 0.33828125 0.215625 0.234375
0 0.6453125 0.09609375 0.19375 0.1921875
0 0.4828125 0.17734375 0.134375 0.3125
0 0.34453125 0.18203125 0.1421875 0.321875
0 0.44375 0.48359375 0.203125 0.1921875
0 0.15234375 0.1484375 0.2109375 0.2
0 0.1765625 0.36640625 0.221875 0.2140625
0 0.1984375 0.63359375 0.215625 0.209375
0 0.20625 0.83984375 0.2203125 0.2265625