0 0.2828125 0.07265625 0.240625 0.1453125
0 0.215625 0.26484375 0.2421875 0.2265625
0 0.14453125 0.5 0.2421875 0.2328125
0 0.10078125 0.709375 0.2015625 0.228125
0 0.31640625 0.68984375 0.1875 0.3171875
0 0.43203125 0.4375 0.23125 0.2234375
0 0.4671875 0.15703125 0.196875 0.3140625
0 0.57109375 0.83125 0.2234375 0.225
0 0.43359375 0.7203125 0.1875 0.3171875
0 0.625 0.6390625 0.2203125 0.2140625
0 0.6984375 0.39921875 0.225 0.221875
0 0.59296875 0.1921875 0.1890625 0.3234375
0 0.7734375 0.18125 0.228125 0.2296875