0 0.475 0.6828125 0.2890625 0.3984375
0 0.3140625 0.8703125 0.26875 0.259375
0 0.73984375 0.721875 0.2328125 0.2265625
0 0.58125 0.74765625 0.2203125 0.3265625
0 0.6734375 0.478125 0.2375 0.2375
0 0.5984375 0.30625 0.259375 0.2734375
0 0.53515625 0.09296875 0.2296875 0.1859375
0 0.4 0.19296875 0.20625 0.3234375
0 0.2671875 0.2328125 0.215625 0.3328125
0 0.44140625 0.49921875 0.2375 0.23125
0 0.0984375 0.25 0.196875 0.240625
0 0.153125 0.45546875 0.2609375 0.25625
0 0.24140625 0.7015625 0.2484375 0.2375