0 0.140625 0.7109375 0.2359375 0.24375
0 0.584375 0.77890625 0.221875 0.23125
0 0.16875 0.51953125 0.225 0.215625
0 0.1578125 0.3171875 0.221875 0.2109375
0 0.23203125 0.09453125 0.2390625 0.1890625
0 0.409375 0.15234375 0.1875 0.3046875
0 0.696875 0.159375 0.234375 0.2609375
0 0.52265625 0.17109375 0.1859375 0.3421875
0 0.6734375 0.3578125 0.2109375 0.2109375
0 0.65078125 0.53984375 0.209375 0.2046875
0 0.40859375 0.45546875 0.221875 0.2203125
0 0.4421875 0.75 0.15625 0.3140625
0 0.30625 0.7203125 0.1671875 0.321875