0 0.465625 0.68125 0.2734375 0.3953125
0 0.2359375 0.6734375 0.2546875 0.2421875
0 0.2953125 0.8640625 0.2609375 0.25625
0 0.72734375 0.734375 0.2265625 0.2203125
0 0.56796875 0.7515625 0.20625 0.3265625
0 0.67421875 0.4875 0.23125 0.23125
0 0.60859375 0.31171875 0.2515625 0.2671875
0 0.55703125 0.09296875 0.2234375 0.1859375
0 0.41640625 0.18828125 0.1921875 0.3234375
0 0.28125 0.22109375 0.2015625 0.3328125
0 0.44140625 0.49609375 0.2328125 0.2234375
0 0.103125 0.22734375 0.20625 0.2328125
0 0.15546875 0.43671875 0.2546875 0.2484375