0 0.41953125 0.66640625 0.1890625 0.365625
0 0.659375 0.78515625 0.190625 0.1796875
0 0.50078125 0.76015625 0.134375 0.3078125
0 0.671875 0.5328125 0.190625 0.1921875
0 0.653125 0.34609375 0.2046875 0.225
0 0.665625 0.10390625 0.1859375 0.184375
0 0.5 0.17734375 0.11875 0.3078125
0 0.3609375 0.17421875 0.1265625 0.315625
0 0.44453125 0.48046875 0.1953125 0.1828125
0 0.17109375 0.13046875 0.2015625 0.190625
0 0.18359375 0.35 0.2125 0.2046875
0 0.1921875 0.61796875 0.20625 0.1984375
0 0.18828125 0.82421875 0.2109375 0.215625