0 0.30703125 0.7640625 0.209375 0.2
0 0.46640625 0.75546875 0.165625 0.31875
0 0.32578125 0.51171875 0.2109375 0.2125
0 0.36640625 0.32890625 0.228125 0.246875
0 0.38359375 0.09453125 0.2046875 0.1890625
0 0.53984375 0.1796875 0.1546875 0.3171875
0 0.67734375 0.19375 0.1625 0.3265625
0 0.87109375 0.1734375 0.221875 0.2125
0 0.83203125 0.38984375 0.234375 0.2265625
0 0.79140625 0.6546875 0.228125 0.221875
0 0.76953125 0.86015625 0.2328125 0.2390625
0 0.5578125 0.4875 0.2125 0.2046875
0 0.57890625 0.8078125 0.1765625 0.3296875