0 0.4140625 0.66328125 0.1765625 0.359375
0 0.19765625 0.78671875 0.2109375 0.2046875
0 0.64921875 0.790625 0.184375 0.1734375
0 0.49140625 0.76015625 0.1234375 0.303125
0 0.6703125 0.5390625 0.184375 0.1859375
0 0.65859375 0.3515625 0.196875 0.21875
0 0.6796875 0.11015625 0.1796875 0.178125
0 0.5109375 0.17734375 0.1078125 0.3046875
0 0.37265625 0.16953125 0.115625 0.3125
0 0.4453125 0.47890625 0.1890625 0.1765625
0 0.184375 0.11953125 0.1953125 0.184375
0 0.1890625 0.3390625 0.20625 0.196875
0 0.18828125 0.60078125 0.1984375 0.1796875