0 0.10625 0.1734375 0.2125 0.215625
0 0.14140625 0.41328125 0.2296875 0.2109375
0 0.18046875 0.65546875 0.228125 0.2171875
0 0.2140625 0.87265625 0.2296875 0.2125
0 0.41796875 0.75078125 0.159375 0.3125
0 0.4109375 0.4734375 0.2171875 0.2078125
0 0.31640625 0.19765625 0.1671875 0.3296875
0 0.70859375 0.7671875 0.209375 0.2109375
0 0.53671875 0.72734375 0.159375 0.3125
0 0.6734375 0.5703125 0.20625 0.2
0 0.634375 0.32265625 0.2109375 0.2078125
0 0.4484375 0.18203125 0.1609375 0.31875
0 0.60546875 0.10078125 0.2140625 0.2015625