0 0.69765625 0.76015625 0.2109375 0.203125
0 0.5375 0.75546875 0.171875 0.31875
0 0.67421875 0.50859375 0.2140625 0.215625
0 0.63046875 0.3265625 0.23125 0.25
0 0.60859375 0.09375 0.2078125 0.1875
0 0.4546875 0.18046875 0.159375 0.31875
0 0.3171875 0.196875 0.16875 0.328125
0 0.1234375 0.18046875 0.225 0.215625
0 0.165625 0.3953125 0.2375 0.2296875
0 0.21171875 0.659375 0.2296875 0.2234375
0 0.23671875 0.86484375 0.2359375 0.2421875
0 0.44140625 0.4890625 0.215625 0.2078125
0 0.4265625 0.80859375 0.18125 0.3296875