0 0.365625 0.6265625 0.284375 0.396875
0 0.1265625 0.671875 0.253125 0.2625
0 0.54609375 0.8234375 0.23125 0.2234375
0 0.40703125 0.74296875 0.215625 0.3265625
0 0.6484375 0.5921875 0.234375 0.2359375
0 0.6984375 0.4109375 0.2578125 0.2703125
0 0.796875 0.18984375 0.228125 0.2265625
0 0.615625 0.1984375 0.2015625 0.3234375
0 0.48671875 0.15625 0.2109375 0.3125
0 0.45546875 0.4625 0.2359375 0.228125
0 0.32578125 0.078125 0.2453125 0.15625
0 0.25859375 0.246875 0.259375 0.253125
0 0.17265625 0.49375 0.246875 0.234375