0 0.37265625 0.63359375 0.26875 0.39375
0 0.184375 0.50234375 0.2515625 0.2390625
0 0.1296875 0.69375 0.259375 0.253125
0 0.56328125 0.8203125 0.225 0.2171875
0 0.4203125 0.74765625 0.2015625 0.325
0 0.653125 0.584375 0.228125 0.2296875
0 0.69375 0.40078125 0.25 0.2640625
0 0.78046875 0.175 0.221875 0.2203125
0 0.59921875 0.19296875 0.1875 0.321875
0 0.46875 0.15625 0.196875 0.3125
0 0.453125 0.46484375 0.2296875 0.221875
0 0.30078125 0.08125 0.2390625 0.1625
0 0.2453125 0.259375 0.253125 0.246875