0 0.30234375 0.45078125 0.2609375 0.2375
0 0.3421875 0.26015625 0.25625 0.2234375
0 0.378125 0.09375 0.25 0.1875
0 0.4640625 0.88125 0.2625 0.2375
0 0.48828125 0.68359375 0.2578125 0.23125
0 0.53203125 0.490625 0.2609375 0.2375
0 0.56640625 0.3 0.25625 0.2234375
0 0.60234375 0.11796875 0.2546875 0.21875
0 0.78671875 0.20703125 0.209375 0.2875
0 0.921875 0.24609375 0.15625 0.2921875
0 0.66640625 0.83515625 0.2203125 0.3171875
0 0.83203125 0.84765625 0.2203125 0.3046875
0 0.72578125 0.53046875 0.209375 0.30625
0 0.8859375 0.56171875 0.209375 0.30625