0 0.30625 0.68125 0.215625 0.246875
0 0.33125 0.45078125 0.2171875 0.2515625
0 0.496875 0.7015625 0.2140625 0.246875
0 0.521875 0.4703125 0.2125 0.2484375
0 0.684375 0.7171875 0.203125 0.2421875
0 0.86484375 0.734375 0.203125 0.2390625
0 0.8875 0.51015625 0.2015625 0.24375
0 0.859375 0.30390625 0.28125 0.1921875
0 0.8625 0.15078125 0.275 0.1828125
0 0.13828125 0.4171875 0.2171875 0.246875
0 0.2375 0.23125 0.2984375 0.2015625
0 0.26953125 0.08671875 0.2984375 0.1734375
0 0.5421875 0.27109375 0.2859375 0.1859375
0 0.5609375 0.11171875 0.2890625 0.1859375