0 0.420312 0.108594 0.268750 0.217188
0 0.353906 0.276562 0.267188 0.246875
0 0.300781 0.457813 0.270313 0.239063
0 0.246094 0.632813 0.268750 0.239063
0 0.194531 0.804688 0.268750 0.234375
0 0.414063 0.875000 0.275000 0.234375
0 0.619531 0.871875 0.226563 0.256250
0 0.775781 0.888281 0.226563 0.223438
0 0.465625 0.702344 0.276562 0.243750
0 0.644531 0.160156 0.282813 0.253125
0 0.579688 0.342187 0.276562 0.250000
0 0.521875 0.527344 0.275000 0.243750
0 0.711719 0.584375 0.231250 0.301563
0 0.864844 0.632813 0.231250 0.307812
0 0.813281 0.294531 0.264062 0.325000
0 0.915625 0.354687 0.168750 0.318750