0 0.665625 0.789063 0.157812 0.165625
0 0.807031 0.803125 0.154688 0.159375
0 0.824219 0.654687 0.153125 0.165625
0 0.842969 0.501563 0.153125 0.168750
0 0.815625 0.364844 0.204687 0.129688
0 0.827344 0.259375 0.203125 0.134375
0 0.564844 0.329688 0.231250 0.142187
0 0.576562 0.225000 0.221875 0.137500
0 0.540625 0.628125 0.160938 0.168750
0 0.683594 0.639062 0.157812 0.167187
0 0.702344 0.484375 0.157812 0.168750
0 0.557813 0.463281 0.167187 0.173437
0 0.404687 0.447656 0.160938 0.168750
0 0.272656 0.289844 0.207813 0.129688
0 0.287500 0.183594 0.210938 0.129688