0 0.734375 0.2640625 0.159375 0.16875
0 0.875 0.28671875 0.15625 0.1609375
0 0.853125 0.434375 0.15625 0.1671875
0 0.83203125 0.5875 0.15625 0.1703125
0 0.7703125 0.7125 0.20625 0.134375
0 0.75390625 0.8171875 0.2046875 0.1375
0 0.51875 0.68203125 0.2328125 0.1453125
0 0.50234375 0.78515625 0.2234375 0.140625
0 0.57265625 0.3875 0.1640625 0.171875
0 0.71328125 0.41328125 0.1609375 0.1703125
0 0.69140625 0.5671875 0.1609375 0.171875
0 0.546875 0.55078125 0.1703125 0.175
0 0.39453125 0.5265625 0.1640625 0.171875
0 0.22578125 0.64375 0.209375 0.1328125
0 0.21328125 0.75078125 0.2125 0.1328125