0 0.183594 0.713281 0.162500 0.153125
0 0.343750 0.721094 0.164063 0.153125
0 0.511719 0.726563 0.164063 0.159375
0 0.185156 0.557031 0.159375 0.153125
0 0.342969 0.567187 0.162500 0.156250
0 0.507813 0.569531 0.168750 0.156250
0 0.652344 0.662500 0.126562 0.229687
0 0.763281 0.652344 0.131250 0.229687
0 0.652344 0.418750 0.117188 0.215625
0 0.764844 0.417187 0.112500 0.220312
0 0.658594 0.159375 0.118750 0.207813
0 0.766406 0.170313 0.117188 0.210938
0 0.190625 0.402344 0.153125 0.156250
0 0.192969 0.254688 0.153125 0.150000
0 0.200000 0.110937 0.156250 0.146875
0 0.353906 0.116406 0.162500 0.143750
0 0.516406 0.118750 0.164063 0.143750
0 0.346094 0.411719 0.162500 0.153125
0 0.510938 0.415625 0.168750 0.153125
0 0.350000 0.261719 0.159375 0.150000
0 0.511719 0.264062 0.165625 0.150000