0 0.779687 0.082812 0.237500 0.165624
0 0.575000 0.101563 0.243750 0.203125
0 0.364063 0.143750 0.250000 0.218750
0 0.192188 0.232031 0.209375 0.293750
0 0.073438 0.273438 0.146875 0.284375
0 0.736719 0.815625 0.246875 0.226563
0 0.705469 0.628125 0.250000 0.231250
0 0.657813 0.445313 0.250000 0.231250
0 0.615625 0.268750 0.245312 0.217188
0 0.403906 0.317969 0.246875 0.214062
0 0.525000 0.867969 0.256250 0.232813
0 0.489063 0.678906 0.256250 0.232813
0 0.443750 0.493750 0.262500 0.234375
0 0.318750 0.829688 0.232813 0.310937
0 0.173437 0.846875 0.225000 0.306250
0 0.263281 0.540625 0.209375 0.293750
0 0.113281 0.570313 0.204687 0.296875