0 0.291406 0.335938 0.232813 0.260937
0 0.336719 0.563281 0.234375 0.265625
0 0.479687 0.299219 0.231250 0.260937
0 0.524219 0.528125 0.229687 0.260937
0 0.664844 0.267188 0.220312 0.254688
0 0.842969 0.234375 0.220312 0.253125
0 0.885156 0.456250 0.218750 0.256250
0 0.864844 0.663281 0.270312 0.214062
0 0.875000 0.816406 0.250000 0.204687
0 0.146875 0.614062 0.234375 0.260937
0 0.261719 0.790625 0.309375 0.223438
0 0.307812 0.915625 0.309375 0.168750
0 0.561719 0.724219 0.295312 0.206250
0 0.594531 0.881250 0.298438 0.207813