0 0.689063 0.212500 0.179688 0.179688
0 0.536719 0.236719 0.185938 0.181250
0 0.387500 0.276562 0.182812 0.181250
0 0.259375 0.303906 0.153125 0.217188
0 0.155469 0.332813 0.150000 0.217188
0 0.738281 0.353125 0.176563 0.176563
0 0.585938 0.383594 0.184375 0.178125
0 0.432812 0.415625 0.190625 0.179688
0 0.782031 0.486719 0.182812 0.171875
0 0.629687 0.523438 0.190625 0.179688
0 0.471094 0.560156 0.187500 0.184375
0 0.342187 0.589844 0.162500 0.231250
0 0.238281 0.611719 0.160938 0.225000
0 0.806250 0.626563 0.178125 0.173437
0 0.663281 0.664063 0.187500 0.179688
0 0.513281 0.703125 0.190625 0.176563
0 0.842187 0.761719 0.175000 0.170313
0 0.697656 0.800000 0.181250 0.167187
0 0.549219 0.836719 0.181250 0.167187
0 0.410156 0.831250 0.151562 0.210938
0 0.310156 0.857031 0.145313 0.209375