0 0.730469 0.188281 0.251563 0.234375
0 0.692969 0.378906 0.251563 0.239063
0 0.646094 0.563281 0.251563 0.231250
0 0.600000 0.742188 0.251563 0.229687
0 0.805469 0.785156 0.231250 0.223438
0 0.757031 0.922656 0.239063 0.154688
0 0.553125 0.903906 0.246875 0.192188
0 0.517969 0.132813 0.256250 0.240625
0 0.482812 0.325000 0.257813 0.235937
0 0.434375 0.508594 0.254688 0.234375
0 0.389062 0.692969 0.256250 0.232813
0 0.343750 0.868750 0.248438 0.218750
0 0.176563 0.772656 0.212500 0.295312
0 0.067969 0.725781 0.135937 0.295312
0 0.323437 0.167969 0.223438 0.317188
0 0.171094 0.150781 0.220312 0.301562
0 0.253125 0.464844 0.210938 0.295312
0 0.104688 0.427344 0.209375 0.293750