0 0.1921875 0.7359375 0.2375 0.2546875
0 0.38203125 0.69453125 0.2421875 0.253125
0 0.565625 0.6453125 0.234375 0.253125
0 0.74375 0.5953125 0.2328125 0.253125
0 0.78984375 0.80078125 0.225 0.2359375
0 0.92421875 0.74921875 0.1515625 0.2421875
0 0.90390625 0.546875 0.1921875 0.25
0 0.1328125 0.525 0.2421875 0.2578125
0 0.325 0.48515625 0.2390625 0.2609375
0 0.50703125 0.434375 0.2375 0.25625
0 0.690625 0.3859375 0.2359375 0.2578125
0 0.865625 0.3375 0.2203125 0.25
0 0.7671875 0.171875 0.296875 0.2171875
0 0.71875 0.06640625 0.296875 0.1328125
0 0.16484375 0.3296875 0.31875 0.2265625
0 0.1484375 0.178125 0.296875 0.225
0 0.4609375 0.25390625 0.296875 0.2140625
0 0.41953125 0.10625 0.2953125 0.2125