0 0.72578125 0.48515625 0.178125 0.18125
0 0.57109375 0.4953125 0.1734375 0.18125
0 0.68046875 0.6265625 0.24375 0.1609375
0 0.6828125 0.740625 0.24375 0.15625
0 0.43984375 0.659375 0.23125 0.1421875
0 0.45390625 0.77109375 0.234375 0.140625
0 0.4203125 0.5203125 0.175 0.1828125
0 0.24921875 0.38125 0.1703125 0.178125
0 0.10234375 0.40234375 0.1640625 0.171875
0 0.2671875 0.540625 0.1671875 0.178125
0 0.12421875 0.56171875 0.1640625 0.1765625
0 0.1828125 0.6921875 0.2203125 0.1421875
0 0.20703125 0.8046875 0.225 0.1421875