0 0.204687 0.269531 0.228125 0.228125
0 0.400000 0.309375 0.242188 0.231250
0 0.161719 0.452344 0.225000 0.226563
0 0.119531 0.627344 0.220312 0.223438
0 0.098437 0.797656 0.196874 0.214062
0 0.271094 0.844531 0.235937 0.218750
0 0.466406 0.892188 0.235937 0.215624
0 0.647656 0.872656 0.198437 0.254688
0 0.784375 0.884375 0.193750 0.231250
0 0.353125 0.492188 0.239063 0.229687
0 0.311719 0.670312 0.231250 0.220312
0 0.509375 0.719531 0.240625 0.221875
0 0.556250 0.540625 0.239063 0.225000
0 0.725781 0.581250 0.200000 0.290625
0 0.863281 0.618750 0.200000 0.295312
0 0.450781 0.128906 0.235937 0.229687
0 0.654687 0.173437 0.235937 0.229687
0 0.598437 0.358594 0.242188 0.231250
0 0.806250 0.296875 0.218750 0.306250
0 0.913281 0.340625 0.173437 0.306250