0 0.137500 0.306250 0.184375 0.225000
0 0.328906 0.294531 0.190625 0.221875
0 0.517969 0.296875 0.181250 0.226563
0 0.701562 0.296094 0.181250 0.225000
0 0.880469 0.296875 0.176563 0.226563
0 0.883594 0.527344 0.173437 0.234375
0 0.836719 0.728125 0.256250 0.157812
0 0.825000 0.887500 0.259375 0.157812
0 0.703125 0.526563 0.184375 0.232813
0 0.132813 0.539063 0.192188 0.237500
0 0.325781 0.530469 0.190625 0.231250
0 0.519531 0.528906 0.184375 0.231250
0 0.518750 0.727344 0.267188 0.159375
0 0.520312 0.887500 0.273438 0.157812
0 0.211719 0.739062 0.282813 0.189062
0 0.228125 0.891406 0.281250 0.170313