0 0.32421875 0.79609375 0.171875 0.171875
0 0.2796875 0.6484375 0.1734375 0.178125
0 0.25 0.496875 0.1734375 0.175
0 0.21796875 0.36953125 0.2140625 0.1421875
0 0.1984375 0.26328125 0.2125 0.1390625
0 0.471875 0.778125 0.16875 0.16875
0 0.43359375 0.628125 0.1703125 0.178125
0 0.39453125 0.4765625 0.171875 0.184375
0 0.61171875 0.759375 0.1640625 0.1765625
0 0.578125 0.60625 0.171875 0.184375
0 0.54140625 0.44765625 0.1765625 0.1796875
0 0.51171875 0.31875 0.2265625 0.15
0 0.48515625 0.215625 0.2203125 0.1484375
0 0.7484375 0.7203125 0.165625 0.1703125
0 0.71875 0.57421875 0.1703125 0.18125
0 0.68828125 0.42265625 0.16875 0.1828125
0 0.88515625 0.6921875 0.1625 0.1671875
0 0.85625 0.54609375 0.1578125 0.175
0 0.82421875 0.39609375 0.1578125 0.175
0 0.75859375 0.27421875 0.2078125 0.140625
0 0.73828125 0.17265625 0.20625 0.134375