0 0.153906 0.660937 0.182812 0.175000
0 0.310937 0.693750 0.184375 0.175000
0 0.475781 0.725781 0.185938 0.181250
0 0.179688 0.507031 0.179688 0.175000
0 0.335156 0.541406 0.182812 0.178125
0 0.496875 0.570313 0.189062 0.179688
0 0.625000 0.684375 0.159375 0.245312
0 0.735938 0.691406 0.164063 0.246875
0 0.663281 0.443750 0.150000 0.231250
0 0.774219 0.459375 0.145313 0.234375
0 0.709375 0.189062 0.150000 0.223438
0 0.814844 0.216406 0.148438 0.226563
0 0.210156 0.355469 0.175000 0.176563
0 0.235156 0.210156 0.173437 0.170313
0 0.264062 0.076563 0.175000 0.153125
0 0.415625 0.097656 0.181250 0.165625
0 0.575781 0.125781 0.182812 0.167187
0 0.361719 0.388281 0.182812 0.175000
0 0.524219 0.418750 0.189062 0.176563
0 0.389062 0.240625 0.179688 0.171875
0 0.548438 0.268750 0.185938 0.173437