0 0.217188 0.746094 0.235937 0.234375
0 0.410156 0.696094 0.248438 0.239063
0 0.164844 0.564844 0.231250 0.232813
0 0.113281 0.392969 0.226562 0.229687
0 0.092188 0.223438 0.184375 0.221875
0 0.253125 0.167969 0.242188 0.226563
0 0.446094 0.110937 0.242188 0.221874
0 0.626563 0.124219 0.209375 0.248438
0 0.761719 0.109375 0.204687 0.218750
0 0.353906 0.515625 0.245312 0.237500
0 0.303125 0.339844 0.237500 0.226563
0 0.498437 0.279687 0.246875 0.229687
0 0.553906 0.456250 0.245312 0.232813
0 0.721875 0.407031 0.210938 0.293750
0 0.856250 0.362500 0.212500 0.298438
0 0.470313 0.873437 0.243750 0.237500
0 0.671094 0.817969 0.243750 0.237500
0 0.605469 0.635938 0.248438 0.239063
0 0.816406 0.686719 0.229687 0.310937
0 0.913281 0.635156 0.173437 0.310937