0 0.66640625 0.28359375 0.2078125 0.2640625
0 0.82421875 0.35078125 0.1125 0.21875
0 0.93828125 0.425 0.1234375 0.15
0 0.93125 0.55859375 0.1375 0.1171875
0 0.66953125 0.5453125 0.2 0.2515625
0 0.81875 0.51953125 0.10625 0.1328125
0 0.8140625 0.653125 0.1375 0.1515625
0 0.91171875 0.70390625 0.0796875 0.14375
0 0.66484375 0.77734375 0.215625 0.2359375
0 0.8109375 0.865625 0.0796875 0.26875
0 0.7375 0.95078125 0.0609375 0.0984375
0 0.9046875 0.825 0.09375 0.1390625
0 0.98203125 0.76953125 0.0359375 0.2734375
0 0.89921875 0.940625 0.0796875 0.11875
0 0.9703125 0.953125 0.059375 0.09375
0 0.13046875 0.4390625 0.0953125 0.075
0 0.50234375 0.5625 0.159375 0.265625
0 0.4015625 0.46328125 0.06875 0.05