0 0.33125 0.1328125 0.3359375 0.2265625
0 0.303125 0.3546875 0.2546875 0.2171875
0 0.2984375 0.57421875 0.2578125 0.25
0 0.3015625 0.74765625 0.2484375 0.196875
0 0.30703125 0.88515625 0.25 0.2171875
0 0.51640625 0.671875 0.178125 0.2078125
0 0.54765625 0.34140625 0.2234375 0.178125
0 0.5 0.81484375 0.18125 0.1828125
0 0.8046875 0.47421875 0.2484375 0.365625
0 0.640625 0.53984375 0.075 0.2265625
0 0.634375 0.93359375 0.153125 0.1328125
0 0.6140625 0.83515625 0.109375 0.096875
0 0.703125 0.80859375 0.1390625 0.1328125
0 0.82734375 0.75859375 0.1421875 0.1359375
0 0.84296875 0.884375 0.15625 0.13125
0 0.73359375 0.91484375 0.121875 0.10625